NASA Surface meteorology and Solar Energy: Daily Averaged Data
Dates (month/day/year): 01/01/2004 through 12/31/2004
Location: Latitude 50.5   Longitude -4.7
Elevation (meters): Average for one degree lat/lon region = 35   Site = 80
Climate zone: 4 (reference Briggs et al, http://www.energycodes.gov)
Parameter(s):
swv_dwn     Average Insolation Incident On A Horizontal Surface (kWh/m^2/day) 

YEAR MO DY swv_dwn
2004 01 01    0.57
2004 01 02    0.65
2004 01 03    0.70
2004 01 04    0.47
2004 01 05    0.49
2004 01 06    0.92
2004 01 07    0.48
2004 01 08    0.84
2004 01 09    0.88
2004 01 10    0.44
2004 01 11    0.36
2004 01 12    1.08
2004 01 13    0.81
2004 01 14    0.66
2004 01 15    0.41
2004 01 16    0.95
2004 01 17    0.89
2004 01 18    1.40
2004 01 19    0.63
2004 01 20    0.50
2004 01 21    0.47
2004 01 22    0.61
2004 01 23    0.44
2004 01 24    1.53
2004 01 25    0.56
2004 01 26    1.14
2004 01 27    1.36
2004 01 28    1.22
2004 01 29    1.69
2004 01 30    0.44
2004 01 31    0.74
2004 02 01    0.43
2004 02 02    0.74
2004 02 03    0.47
2004 02 04    0.69
2004 02 05    0.97
2004 02 06    1.08
2004 02 07    1.80
2004 02 08    2.04
2004 02 09    0.95
2004 02 10    0.95
2004 02 11    1.74
2004 02 12    0.48
2004 02 13    2.23
2004 02 14    2.12
2004 02 15    2.75
2004 02 16    1.45
2004 02 17    1.70
2004 02 18    2.42
2004 02 19    2.61
2004 02 20    0.96
2004 02 21    1.31
2004 02 22    1.70
2004 02 23    2.46
2004 02 24    1.19
2004 02 25    1.74
2004 02 26    1.80
2004 02 27    1.94
2004 02 28    2.19
2004 02 29    3.14
2004 03 01    3.19
2004 03 02    2.34
2004 03 03    0.97
2004 03 04    1.59
2004 03 05    2.04
2004 03 06    3.00
2004 03 07    3.17
2004 03 08    3.22
2004 03 09    3.15
2004 03 10    3.40
2004 03 11    0.33
2004 03 12    1.70
2004 03 13    2.69
2004 03 14    2.50
2004 03 15    1.09
2004 03 16    2.90
2004 03 17    1.89
2004 03 18    2.13
2004 03 19    2.43
2004 03 20    2.04
2004 03 21    3.89
2004 03 22    3.71
2004 03 23    3.50
2004 03 24    3.82
2004 03 25    2.00
2004 03 26    3.99
2004 03 27    1.78
2004 03 28    3.17
2004 03 29    4.69
2004 03 30    4.77
2004 03 31    3.66
2004 04 01    1.60
2004 04 02    3.93
2004 04 03    2.05
2004 04 04    4.11
2004 04 05    3.05
2004 04 06    3.66
2004 04 07    4.62
2004 04 08    3.44
2004 04 09    5.10
2004 04 10    3.38
2004 04 11    2.99
2004 04 12    4.73
2004 04 13    5.29
2004 04 14    4.03
2004 04 15    1.85
2004 04 16    4.23
2004 04 17    3.67
2004 04 18    2.67
2004 04 19    5.50
2004 04 20    2.04
2004 04 21    2.64
2004 04 22    6.16
2004 04 23    5.55
2004 04 24    6.09
2004 04 25    6.40
2004 04 26    5.20
2004 04 27    5.00
2004 04 28    2.66
2004 04 29    4.99
2004 04 30    3.96
2004 05 01    2.18
2004 05 02    7.35
2004 05 03    6.94
2004 05 04    4.76
2004 05 05    3.93
2004 05 06    5.93
2004 05 07    5.26
2004 05 08    6.80
2004 05 09    6.14
2004 05 10    4.70
2004 05 11    4.60
2004 05 12    3.29
2004 05 13    2.77
2004 05 14    5.76
2004 05 15    6.04
2004 05 16    6.82
2004 05 17    7.09
2004 05 18    7.56
2004 05 19    6.38
2004 05 20    6.91
2004 05 21    7.24
2004 05 22    6.95
2004 05 23    6.80
2004 05 24    7.59
2004 05 25    7.11
2004 05 26    6.65
2004 05 27    5.86
2004 05 28    2.30
2004 05 29    6.64
2004 05 30    6.04
2004 05 31    1.62
2004 06 01    5.23
2004 06 02    7.38
2004 06 03    6.43
2004 06 04    3.94
2004 06 05    5.42
2004 06 06    5.09
2004 06 07    7.55
2004 06 08    4.30
2004 06 09    2.69
2004 06 10    4.88
2004 06 11    7.24
2004 06 12    7.37
2004 06 13    7.41
2004 06 14    7.54
2004 06 15    8.47
2004 06 16    7.39
2004 06 17    3.70
2004 06 18    3.11
2004 06 19    7.08
2004 06 20    4.23
2004 06 21    6.86
2004 06 22    1.06
2004 06 23    5.96
2004 06 24    7.55
2004 06 25    7.72
2004 06 26    1.84
2004 06 27    5.93
2004 06 28    5.29
2004 06 29    5.20
2004 06 30    4.27
2004 07 01    4.57
2004 07 02    5.14
2004 07 03    5.84
2004 07 04    5.67
2004 07 05    7.89
2004 07 06    7.45
2004 07 07    1.14
2004 07 08    3.49
2004 07 09    7.36
2004 07 10    4.75
2004 07 11    3.68
2004 07 12    6.72
2004 07 13    4.05
2004 07 14    3.25
2004 07 15    4.05
2004 07 16    3.30
2004 07 17    5.05
2004 07 18    5.60
2004 07 19    4.01
2004 07 20    2.46
2004 07 21    4.56
2004 07 22    3.04
2004 07 23    7.41
2004 07 24    4.78
2004 07 25    5.01
2004 07 26    3.76
2004 07 27    2.75
2004 07 28    4.55
2004 07 29    2.92
2004 07 30    5.38
2004 07 31    5.96
2004 08 01    6.39
2004 08 02    4.38
2004 08 03    5.27
2004 08 04    5.06
2004 08 05    5.14
2004 08 06    5.10
2004 08 07    6.21
2004 08 08    2.05
2004 08 09    5.69
2004 08 10    5.10
2004 08 11    3.08
2004 08 12    5.05
2004 08 13    4.71
2004 08 14    4.41
2004 08 15    3.29
2004 08 16    4.96
2004 08 17    3.04
2004 08 18    3.96
2004 08 19    6.27
2004 08 20    3.97
2004 08 21    4.79
2004 08 22    2.52
2004 08 23    4.92
2004 08 24    3.04
2004 08 25    4.15
2004 08 26    4.08
2004 08 27    2.00
2004 08 28    3.77
2004 08 29    3.39
2004 08 30    5.20
2004 08 31    5.55
2004 09 01    4.98
2004 09 02    5.24
2004 09 03    4.43
2004 09 04    2.99
2004 09 05    4.19
2004 09 06    5.13
2004 09 07    4.70
2004 09 08    4.90
2004 09 09    4.34
2004 09 10    2.08
2004 09 11    2.81
2004 09 12    1.83
2004 09 13    4.28
2004 09 14    3.94
2004 09 15    4.19
2004 09 16    2.77
2004 09 17    2.19
2004 09 18    3.37
2004 09 19    3.42
2004 09 20    2.62
2004 09 21    3.29
2004 09 22    1.94
2004 09 23    1.57
2004 09 24    3.54
2004 09 25    1.43
2004 09 26    1.79
2004 09 27    2.11
2004 09 28    2.03
2004 09 29    1.46
2004 09 30    2.57
2004 10 01    1.51
2004 10 02    2.25
2004 10 03    0.67
2004 10 04    3.49
2004 10 05    3.04
2004 10 06    2.90
2004 10 07    2.70
2004 10 08    2.98
2004 10 09    0.80
2004 10 10    0.57
2004 10 11    0.82
2004 10 12    2.28
2004 10 13    2.51
2004 10 14    1.96
2004 10 15    2.03
2004 10 16    1.58
2004 10 17    2.11
2004 10 18    1.88
2004 10 19    2.35
2004 10 20    0.85
2004 10 21    1.78
2004 10 22    0.61
2004 10 23    0.42
2004 10 24    1.59
2004 10 25    1.82
2004 10 26    2.02
2004 10 27    0.32
2004 10 28    0.88
2004 10 29    1.43
2004 10 30    1.91
2004 10 31    1.26
2004 11 01    1.01
2004 11 02    0.88
2004 11 03    1.16
2004 11 04    2.04
2004 11 05    0.63
2004 11 06    1.39
2004 11 07    0.39
2004 11 08    0.80
2004 11 09    0.86
2004 11 10    1.40
2004 11 11    0.53
2004 11 12    1.14
2004 11 13    1.57
2004 11 14    1.17
2004 11 15    0.65
2004 11 16    0.94
2004 11 17    0.91
2004 11 18    0.68
2004 11 19    0.85
2004 11 20    0.54
2004 11 21    0.56
2004 11 22    0.70
2004 11 23    0.58
2004 11 24    0.50
2004 11 25    0.38
2004 11 26    0.91
2004 11 27    0.46
2004 11 28    1.03
2004 11 29    1.28
2004 11 30    0.49
2004 12 01    1.11
2004 12 02    1.17
2004 12 03    0.90
2004 12 04    0.81
2004 12 05    0.56
2004 12 06    0.93
2004 12 07    0.33
2004 12 08    0.48
2004 12 09    0.93
2004 12 10    0.36
2004 12 11    0.30
2004 12 12    0.31
2004 12 13    0.36
2004 12 14    0.22
2004 12 15    0.49
2004 12 16    0.76
2004 12 17    0.89
2004 12 18    0.34
2004 12 19    0.44
2004 12 20    0.64
2004 12 21    0.90
2004 12 22    0.32
2004 12 23    0.33
2004 12 24    0.55
2004 12 25    0.46
2004 12 26    0.69
2004 12 27    0.40
2004 12 28    0.91
2004 12 29    0.63
2004 12 30    0.52
2004 12 31    0.92