0.44
0.28
0.72
1.07
0.62
0.46
0.96
0.79
0.90
0.51
0.85
0.95
0.95
0.67
0.95
0.41
1.03
0.86
1.51
0.94
0.56
0.87
0.99
1.32
0.65
0.79
0.54
0.88
1.32
0.77
1.47
0.86
1.35
1.85
1.22
1.08
0.73
1.27
2.04
2.43
1.45
1.38
0.74
2.13
1.92
2.19
1.53
1.52
2.78
0.89
0.83
1.15
1.47
1.87
1.60
1.02
0.97
1.29
2.45
1.38
2.12
2.50
2.95
2.83
2.23
2.71
2.29
3.38
2.69
1.65
1.77
2.19
2.64
3.36
1.83
2.31
1.40
1.37
1.71
2.06
3.02
4.36
1.29
3.46
2.57
4.30
4.21
4.17
5.11
4.55
1.60
4.46
5.08
2.96
2.56
2.92
4.04
5.35
4.68
5.85
5.76
2.64
6.61
6.30
6.01
5.49
6.71
3.54
4.08
4.70
4.78
5.60
6.73
6.51
6.89
6.68
7.05
7.26
7.43
6.50
6.04
6.73
7.01
6.63
2.88
5.11
5.05
6.12
7.67
6.88
5.53
7.60
7.89
8.11
8.01
3.34
2.08
4.26
6.89
6.30
5.76
6.68
2.57
5.49
6.55
2.73
5.64
7.44
5.74
8.01
6.65
3.33
6.87
3.49
7.49
7.94
3.94
6.41
6.57
8.52
7.22
5.52
4.71
3.62
4.80
6.38
5.04
4.63
6.28
8.14
8.07
6.47
6.64
5.79
5.97
6.09
8.71
8.64
8.01
6.84
7.06
8.27
8.55
7.82
8.41
8.33
8.44
6.52
7.74
6.49
3.50
6.73
6.90
6.04
3.71
3.76
6.88
7.14
5.01
5.29
7.52
6.78
6.39
7.01
5.48
3.64
5.08
7.93
7.70
5.89
6.11
5.64
6.95
3.58
6.17
3.10
4.01
7.11
4.51
6.54
4.78
6.67
6.06
5.84
5.90
5.30
5.91
6.85
6.17
6.56
5.01
6.33
3.77
1.81
5.17
2.14
3.26
4.45
3.40
5.30
5.12
3.02
3.98
3.44
5.65
2.92
3.50
3.32
4.59
4.50
2.91
2.06
3.43
4.96
3.00
3.41
2.14
4.43
4.40
2.88
3.12
3.68
4.30
4.03
3.26
2.73
3.76
2.50
3.48
2.54
1.19
3.13
4.05
3.61
3.44
2.50
2.83
1.47
3.45
3.48
2.84
1.55
1.56
2.97
2.62
1.56
0.91
1.28
3.09
1.20
1.46
2.53
1.63
2.25
1.73
0.49
1.52
0.96
2.14
1.32
2.44
0.89
0.65
0.44
0.91
1.48
1.01
2.14
1.74
1.91
0.62
1.67
0.85
0.67
1.78
0.55
0.78
1.60
1.01
1.11
0.79
1.26
0.44
1.07
0.44
0.67
0.42
0.54
1.14
1.07
0.72
0.56
1.34
0.96
0.59
0.28
1.22
0.82
0.67
1.19
1.22
0.65
0.59
1.23
1.21
1.22
0.89
0.67
0.94
0.70
0.51
0.51
0.50
0.69
0.56
0.73
0.36
0.67
0.97
0.98
0.31
0.79
1.22
0.30
0.72
0.56
0.89
1.12
1.30
1.08
1.17
0.74
0.95
0.56
0.90
0.73
1.14
1.00
0.63
0.77
0.90
0.68
0.80
0.56
0.74
0.67
0.89
1.24
1.31
0.69
0.40
1.15
0.55
0.81
0.45
1.33
0.92
1.07
0.57
0.97
1.86
0.91
0.52
1.09
1.04
1.39
0.60
0.71
1.27
0.96
1.03
0.98
2.50
2.81
1.62
1.81
1.68
1.51
1.77
3.14
3.38
1.88
0.67
2.43
2.69
3.00
1.84
2.09
3.08
3.22
1.27
3.71
2.43
3.25
1.40
4.13
3.95
1.81
3.85
3.23
2.66
3.46
2.63
2.54
1.46
1.89
1.05
2.02
3.97
1.63
2.44
4.40
4.49
1.27
4.30
2.92
1.95
1.78
2.10
1.77
3.34
5.19
2.95
4.67
5.46
5.13
5.11
2.65
5.52
6.02
2.61
3.49
4.80
6.23
6.61
6.43
2.88
3.66
3.57
7.22
5.86
5.58
5.23
5.54
5.36
5.27
6.61
3.68
7.12
5.90
2.95
6.12
7.32
6.39
5.82
3.89
6.83
6.92
5.33
5.21
5.87
4.28
7.08
7.40
4.03
3.13
3.05
4.48
3.67
8.13
4.29
4.38
3.60
8.64
8.33
7.07
7.63
8.55
8.32
7.84
4.90
3.97
2.41
7.25
5.33
5.72
7.86
3.17
7.93
5.64
8.84
7.41
8.69
2.41
7.33
7.92
3.97
3.00
2.73
3.01
8.06
6.73
8.36
5.65
2.28
4.26
4.88
5.53
7.24
7.84
6.63
6.93
8.67
8.51
7.83
6.55
5.35
3.56
4.78
3.52
4.55
3.38
7.46
2.65
4.43
5.75
7.58
2.95
4.38
6.63
4.67
6.67
3.42
3.87
4.46
3.64
5.24
3.11
5.43
4.13
7.11
2.24
5.44
7.10
5.11
4.30
5.38
6.18
5.13
5.51
4.57
5.09
4.88
5.95
2.87
2.18
6.12
4.18
4.01
4.79
2.10
5.45
4.68
5.11
3.07
1.84
5.57
3.98
5.73
5.85
4.19
5.24
2.19
5.64
5.70
4.86
2.43
3.74
3.54
5.34
2.54
4.93
3.23
4.16
1.73
2.21
2.57
2.23
2.17
2.25
3.18
2.46
1.29
2.59
3.16
4.22
4.07
2.12
2.57
1.80
1.12
3.61
3.59
3.34
0.90
2.40
1.21
2.15
2.44
2.39
3.21
2.93
3.41
2.62
0.83
0.81
0.86
1.15
2.04
2.87
2.00
2.00
1.83
2.64
1.70
1.03
1.04
2.02
1.12
0.84
2.12
1.63
1.50
0.85
1.70
1.81
1.68
1.14
1.40
1.64
1.62
1.00
1.27
0.82
1.80
0.60
1.18
1.77
0.65
0.43
0.57
0.70
0.75
0.38
0.38
0.86
0.61
1.18
0.76
0.40
0.40
0.46
1.00
0.47
0.92
0.35
1.03
0.97
1.04
0.46
1.18
0.43
0.38
0.41
0.68
0.46
0.31
1.05
0.85
0.48
0.28
0.92
0.89
0.52
0.71
0.26
0.65
1.05
0.74
0.51
0.91
0.42
0.72
0.87
0.39
0.78
0.75
0.73
0.74
0.89
0.87
1.03
0.88
0.38
0.84
0.94
0.65
0.97
0.46
1.05
0.80
1.00
0.71
1.00
1.51
0.99
0.90
1.45
0.64
1.32
1.49
0.33
0.37
0.33
0.61
0.52
1.19
0.94
0.72
0.86
1.58
1.71
0.66
1.59
1.11
0.72
0.96
1.20
1.03
1.46
1.77
1.00
2.00
1.49
1.19
2.66
3.23
2.19
2.98
2.19
1.55
3.41
2.21
0.92
2.49
3.56
3.92
3.34
2.92
2.66
1.38
2.08
3.30
1.90
2.09
3.63
3.86
2.96
3.59
4.26
2.89
1.86
2.77
2.97
4.38
1.99
4.22
3.99
3.64
3.18
4.37
5.22
3.90
4.91
5.37
5.21
4.51
4.46
1.92
3.62
4.38
4.23
3.67
3.46
2.36
4.13
3.30
1.96
3.63
2.70
6.27
3.04
6.04
4.65
5.71
5.89
5.86
6.19
3.70
6.64
5.98
7.22
1.66
4.88
4.05
5.09
4.96
6.12
4.11
2.11
5.46
3.12
6.79
5.74
2.15
7.92
7.71
3.17
6.27
6.70
5.03
6.48
4.68
7.48
5.13
3.38
7.61
6.62
7.78
7.16
4.95
4.05
4.75
5.65
5.62
4.87
7.13
7.16
5.66
5.47
4.09
7.40
8.44
6.41
4.84
5.34
7.88
6.01
7.48
8.44
2.92
1.17
0.86
5.31
3.17
4.42
6.27
6.92
5.29
4.68
2.66
6.80
7.93
5.26
4.81
2.33
2.81
5.94
4.62
6.63
6.71
3.30
3.50
4.58
5.03
4.26
5.47
3.18
7.38
5.08
5.53
4.71
5.41
7.30
3.59
4.50
2.99
6.81
5.56
2.46
7.11
2.63
5.96
1.64
6.45
5.74
6.45
3.75
4.29
6.13
6.12
2.29
2.78
5.58
6.36
2.34
5.89
6.34
5.94
2.70
4.21
5.99
6.02
2.06
4.19
1.60
5.18
0.75
1.67
5.66
5.53
4.83
4.79
5.81
2.50
2.70
5.92
6.16
4.16
2.86
4.41
2.14
3.80
4.40
4.62
3.50
0.95
4.38
1.95
4.43
3.43
4.82
4.98
4.88
3.15
3.94
2.81
2.96
3.33
3.15
1.62
2.27
3.04
1.40
1.27
1.53
3.90
2.23
1.81
2.75
1.27
1.20
0.73
2.38
3.65
3.23
1.90
1.58
3.05
3.31
1.74
0.95
1.77
2.42
0.40
2.12
2.58
0.78
2.00
2.23
0.70
0.62
1.56
1.27
1.02
1.09
1.60
1.20
2.16
0.79
1.67
1.21
1.91
0.39
2.06
1.78
1.30
1.21
0.82
1.88
1.59
1.21
0.54
0.88
0.37
0.65
1.10
0.97
0.95
0.71
1.25
1.12
1.11
1.25
0.36
0.51
1.29
0.49
0.59
0.38
1.24
0.41
0.94
0.93
0.82
1.23
0.57
0.83
0.72
0.83
0.78
0.45
0.37
0.82
0.89
0.91
0.92
0.38
0.52
0.40
0.75
0.64
0.37
0.64
1.09
0.53
0.76
0.77
1.14
0.49
0.43
1.25
1.05
0.78
1.22
0.76
0.56
0.59
0.48
0.51
0.28
0.43
0.53
0.57
0.49
0.52
0.66
0.59
0.68
0.87
0.42
0.46
0.71
1.06
1.44
2.09
1.78
0.50
1.12
1.10
1.02
0.63
0.63
0.83
1.02
0.75
1.77
1.64
2.29
0.54
2.58
1.74
1.91
2.08
2.83
1.14
2.75
3.13
1.14
0.72
0.88
0.82
0.84
1.41
1.99
1.07
3.61
2.14
3.32
1.89
0.93
2.29
2.39
1.02
2.54
2.82
4.29
3.17
2.00
3.55
1.72
3.06
3.44
3.51
2.87
4.26
2.16
1.98
1.77
4.96
1.94
3.89
3.99
4.81
2.94
1.88
3.34
3.13
1.43
3.55
3.94
3.96
4.18
2.79
5.26
2.87
4.51
5.67
3.08
6.02
5.13
5.68
5.31
3.16
5.68
6.40
6.72
5.81
5.75
3.30
6.10
6.75
7.08
5.44
3.39
3.14
3.40
7.27
6.42
6.88
3.65
6.60
6.69
7.81
6.69
5.84
2.53
6.48
6.87
5.81
7.78
6.37
3.00
5.47
5.18
7.97
7.67
6.47
4.38
3.62
6.89
1.95
4.00
7.60
2.16
2.68
7.85
4.38
3.31
6.27
7.42
1.78
6.24
7.76
4.04
7.12
7.38
8.36
5.33
7.38
4.62
6.15
7.08
5.01
1.88
8.19
5.99
6.40
3.07
4.42
4.79
3.58
2.85
3.35
2.77
3.04
5.79
7.41
7.30
7.72
8.21
8.43
7.51
5.36
8.52
3.03
5.11
7.03
7.60
7.22
5.09
5.05
5.42
4.81
4.81
2.67
7.82
5.17
5.07
6.67
4.05
6.13
5.15
4.75
5.45
6.18
4.01
5.60
5.94
5.22
7.37
7.38
7.40
6.85
5.14
3.07
5.09
6.48
2.53
5.86
4.18
6.35
7.04
6.23
4.72
2.95
3.41
3.23
2.77
3.80
5.41
4.38
5.86
3.98
4.12
4.79
2.71
4.99
4.25
1.72
4.44
5.22
4.46
5.44
1.71
4.61
4.82
3.95
4.72
1.77
1.80
4.76
5.21
2.92
1.41
1.41
4.67
1.88
1.65
1.73
4.43
3.80
4.36
4.13
3.47
3.17
2.60
3.05
2.41
3.71
1.97
1.12
1.58
2.31
3.23
1.46
3.21
1.72
2.81
1.39
2.75
2.68
0.56
1.26
2.45
2.16
1.25
0.99
1.50
2.02
2.79
2.60
2.60
2.16
1.08
0.70
2.40
1.00
0.50
0.51
1.55
2.37
2.16
1.89
2.37
1.45
0.86
0.63
0.59
2.06
0.48
1.17
1.10
1.66
0.71
1.43
0.88
0.60
0.18
0.59
0.45
0.77
0.87
0.55
1.34
0.98
0.75
0.61
0.79
0.83
1.24
0.25
0.39
0.42
0.35
0.46
0.82
1.27
0.83
0.73
0.37
0.43
0.89
0.30
0.28
0.45
0.40
1.02
0.50
0.47
0.73
0.98
0.33
0.32
1.05
0.31
0.28
0.43
0.42
0.28
1.00
0.42
0.36
0.86
0.76
0.54
0.67
1.14
0.67
0.44
0.60
0.99
0.46
1.31
1.30
1.00
1.29
0.76
0.54
1.12
0.95
1.26
1.40
0.55
0.84
0.81
1.43
0.49
1.05
1.01
1.12
0.68
1.00
1.29
1.25
1.56
1.84
2.02
0.73
1.87
1.39
0.94
1.53
2.21
0.86
1.56
1.56
2.63
2.71
1.44
0.77
1.12
1.64
2.68
1.73
2.15
2.41
1.89
1.34
2.67
1.59
2.06
1.65
1.91
2.56
3.23
1.69
2.28
1.26
2.29
3.46
2.58
2.45
1.81
1.49
2.89
3.67
1.30
1.22
1.09
1.50
4.72
2.10
2.38
2.27
4.38
5.12
4.96
3.52
3.31
4.70
4.81
2.74
3.19
5.29
5.35
5.62
3.97
5.16
5.57
2.85
5.83
5.84
6.04
5.60
1.90
2.00
2.91
2.27
2.00
5.61
6.30
3.45
5.09
4.73
4.99
7.21
6.97
3.76
2.69
2.54
2.87
4.74
3.98
3.45
6.52
7.76
7.90
3.07
5.22
5.53
6.56
6.75
3.18
7.55
8.02
6.59
7.68
8.13
4.13
7.60
8.19
6.94
6.56
4.70
2.84
7.20
4.97
8.19
3.89
5.50
4.92
6.93
4.36
5.76
6.80
8.31
8.36
3.47
3.54
3.45
2.79
6.92
6.27
8.43
6.87
7.97
8.53
7.51
5.47
7.38
7.56
6.87
5.50
8.60
8.65
8.34
7.69
2.27
4.22
5.63
5.03
3.96
6.11
6.63
3.76
4.63
7.38
5.94
6.61
5.91
4.48
3.38
7.41
3.09
6.09
7.97
4.26
4.21
4.59
4.58
2.97
6.69
2.99
2.39
4.88
6.43
5.67
6.72
5.74
4.22
7.67
5.88
4.28
4.53
6.67
6.90
4.34
3.41
7.00
6.72
3.05
6.77
3.99
2.02
6.47
1.88
5.76
4.81
6.94
4.67
3.07
5.59
5.86
4.07
2.54
3.30
5.14
3.29
2.44
1.88
5.55
4.44
3.59
5.14
4.21
5.46
5.04
4.57
4.15
3.31
4.23
2.68
4.93
3.74
5.16
3.31
3.91
3.88
4.45
2.16
1.92
2.02
2.38
3.67
1.61
3.90
4.50
1.35
1.85
1.35
1.74
3.19
3.62
4.28
2.73
2.89
2.24
1.43
1.76
2.84
2.98
0.78
2.14
3.09
0.47
0.73
1.83
0.70
2.41
0.75
1.47
1.76
1.97
2.54
0.90
0.70
1.02
1.87
0.76
0.50
2.04
1.56
1.56
2.67
2.40
2.13
1.76
1.56
2.04
1.23
1.27
1.99
0.25
0.82
0.44
1.24
1.37
1.80
1.92
1.52
0.80
1.47
1.45
0.55
0.80
1.33
0.77
0.64
1.51
0.28
0.39
0.64
0.53
0.34
1.05
0.62
0.34
0.35
0.60
0.35
1.06
1.00
0.69
0.85
0.50
0.57
0.99
0.51
0.45
0.36
0.31
0.73
0.64
0.48
0.57
0.48
0.38
0.56
0.86
0.61
0.44
0.93
0.81
0.45
0.66
0.28
0.28
0.31
0.47
0.88
0.41
0.57
0.91
0.94
0.53
1.39
0.80
1.14
0.53
1.07
0.68
0.64
1.18
1.04
1.44
0.73
1.15
1.70
0.45
1.06
0.95
0.76
1.40
1.55
1.92
1.77
0.62
1.75
1.96
1.22
0.72
1.51
2.06
2.29
1.12
1.60
2.39
0.86
1.88
1.36
1.32
0.95
2.13
1.81
0.67
1.09
2.61
2.31
2.09
1.76
1.48
0.73
1.51
2.23
2.71
2.49
2.68
3.61
1.19
1.23
2.18
3.33
1.17
1.31
1.39
2.06
1.12
3.94
0.79
2.46
1.56
4.50
1.02
2.29
1.97
2.58
3.57
2.17
2.31
2.29
3.63
2.69
2.76
4.73
2.24
4.28
2.46
5.05
4.68
2.85
1.26
2.11
4.97
5.85
5.01
4.01
3.98
3.28
5.52
5.54
1.90
1.46
3.11
5.65
6.28
4.61
5.91
6.57
2.70
4.34
5.96
5.48
4.93
5.36
6.80
2.67
3.79
3.43
3.33
7.20
6.85
6.61
7.66
7.69
5.54
4.30
4.67
6.74
5.29
5.38
4.34
4.13
3.45
7.08
7.38
6.61
5.65
6.44
6.98
7.30
6.24
5.76
8.01
8.33
8.34
7.47
7.71
6.60
6.29
4.54
5.79
5.05
6.46
8.21
4.63
4.51
6.70
3.44
4.30
5.18
8.25
7.84
8.11
7.31
7.91
8.73
8.56
6.50
8.71
8.48
8.74
5.45
3.41
8.19
1.74
6.87
4.57
3.54
8.42
8.05
8.44
6.67
5.60
1.71
3.74
4.57
6.10
7.18
6.19
7.99
6.12
8.33
8.44
8.40
8.33
7.95
6.51
7.07
7.19
7.69
7.79
5.50
5.59
6.27
6.04
3.24
5.73
3.83
7.46
3.97
5.46
6.86
6.95
5.98
5.77
5.88
2.70
6.29
4.13
5.97
5.18
3.90
6.32
6.29
6.38
6.14
5.59
3.54
5.21
5.32
5.76
4.23
3.23
3.08
5.40
5.61
3.27
3.13
5.79
4.90
4.55
5.09
2.77
5.68
5.67
5.34
2.94
1.06
1.59
1.52
2.24
3.08
1.01
2.23
1.19
3.96
2.28
4.32
4.62
1.78
1.45
3.78
4.40
3.47
1.56
1.94
1.48
2.98
4.16
1.98
1.42
1.09
3.23
3.53
1.10
2.33
1.83
1.67
1.86
1.01
1.30
2.59
2.06
1.60
0.88
3.27
1.43
1.62
1.41
0.85
1.72
2.10
2.21
1.65
0.62
0.99
0.73
0.43
1.75
2.38
1.61
1.64
1.63
1.31
1.40
0.80
1.10
1.59
0.84
0.91
1.02
1.53
1.74
1.64
1.47
1.64
0.47
1.43
0.63
1.20
0.85
1.00
1.50
1.31
1.21
1.50
1.30
0.89
1.17
1.29
1.45
1.01
0.49
0.85
0.96
1.09
0.83
0.46
0.73
0.54
0.57
1.14
0.90
0.56
0.79
0.70
0.68
0.27
0.64
0.57
0.86
1.06
0.61
0.22
0.61
0.53
0.65
0.74
0.79
0.33
0.41
0.48
0.51
0.64
1.04
0.74
0.52
0.76
1.18
0.65
0.73
1.05
0.39
1.22
1.15
0.66
0.65
1.29
1.25
0.78
0.78
0.56
1.27
0.83
1.03
0.84
0.74
0.31
1.43
0.55
0.80
1.39
0.53
1.64
1.90
0.83
1.05
1.30
0.56
2.04
1.28
1.21
0.59
1.75
0.55
0.72
1.60
0.98
0.71
2.77
0.69
0.56
2.46
2.59
2.37
1.35
1.53
2.42
1.67
1.33
2.31
3.43
1.69
1.43
1.61
1.90
1.44
1.91
2.61
2.25
1.50
2.54
3.75
3.63
3.21
2.39
3.95
3.32
1.25
1.80
2.27
4.84
2.00
3.24
3.88
3.07
2.96
3.70
2.35
3.37
4.97
4.34
1.65
4.87
4.97
5.83
5.03
5.79
5.78
4.40
3.01
3.69
5.01
5.33
2.40
5.70
5.11
5.09
2.48
5.56
4.01
3.84
4.86
6.26
6.36
4.05
2.46
6.63
7.12
6.35
7.22
6.90
7.19
6.98
6.81
6.38
7.43
7.50
5.16
4.41
5.41
7.46
7.71
6.49
3.81
4.26
7.61
7.18
3.76
1.81
7.47
6.21
5.87
7.39
8.44
5.80
7.33
8.22
4.97
1.49
5.11
5.62
4.56
4.95
5.00
6.63
4.97
4.26
4.59
5.73
4.41
7.49
3.69
6.13
7.27
5.88
6.76
6.48
3.42
3.95
8.36
6.08
3.00
7.38
7.93
3.02
3.77
5.25
5.87
6.47
3.08
6.02
7.13
8.34
8.51
4.09
7.66
3.65
2.90
6.68
7.06
8.56
8.21
8.36
8.27
7.83
5.60
7.13
8.18
8.19
8.36
8.30
7.82
7.36
7.32
6.96
7.19
5.81
6.87
7.80
4.28
6.71
7.49
7.27
7.17
7.22
6.86
5.01
6.74
6.89
6.74
3.43
4.78
4.99
5.37
4.37
5.53
4.88
5.61
3.01
3.78
2.17
4.97
2.96
3.43
3.96
3.92
3.72
4.05
4.01
2.86
3.99
4.61
3.37
5.87
6.08
4.68
3.25
2.73
4.54
3.23
3.48
5.74
5.37
5.37
4.65
4.63
4.67
3.94
2.93
3.31
2.17
3.64
1.55
2.83
2.94
3.25
3.91
3.47
4.40
4.08
4.01
0.93
1.49
1.31
2.52
3.06
1.76
1.31
1.88
2.40
3.45
1.83
2.24
1.40
3.07
1.55
2.81
1.12
1.42
0.74
0.27
0.79
1.53
1.20
1.77
1.73
1.89
1.81
1.12
1.01
1.03
0.43
1.88
1.72
1.64
1.51
1.69
1.59
1.56
2.28
2.12
1.67
0.57
1.53
0.56
0.77
1.18
1.25
0.54
0.83
1.01
1.04
0.66
0.99
1.30
1.19
0.45
0.56
0.77
0.90
1.08
1.17
0.87
1.17
0.30
0.38
0.50
0.42
1.28
0.28
0.41
0.25
0.50
0.61
0.61
0.91
1.14
1.18
1.08
0.48
0.22
0.52
0.75
0.25
0.42
0.52
0.67
0.81
0.60
0.55
0.87
0.46
0.34
0.93
0.82
0.33
0.57
0.56
0.74
0.77
0.42
0.78
0.25
0.56
1.19
0.95
0.81
1.41
1.49
0.39
0.71
1.48
0.30
1.49
0.85
0.59
1.62
1.78
1.12
0.31
0.50
0.52
0.51
0.96
0.60
0.90
1.93
1.93
1.62
0.46
1.86
1.63
1.15
1.36
1.21
1.03
1.72
0.79
2.44
1.29
0.79
0.80
2.37
2.73
1.38
1.09
0.84
0.81
1.20
1.66
1.12
2.63
2.00
2.72
2.84
1.92
3.28
0.67
2.66
1.06
2.93
1.17
1.39
1.49
1.28
0.86
2.46
2.02
1.49
2.31
3.39
0.81
1.78
1.23
2.53
4.08
4.21
4.78
4.74
0.69
2.45
4.90
3.91
4.38
3.13
1.75
1.06
5.24
4.53
4.40
2.19
3.31
4.62
3.62
2.76
2.53
1.72
4.68
5.91
5.69
6.42
4.99
3.68
5.52
4.90
4.37
6.02
3.22
3.31
4.44
5.54
5.85
4.71
1.40
1.81
5.66
3.44
3.27
5.33
6.32
4.97
4.88
6.26
7.64
6.12
3.21
3.85
3.24
7.33
6.50
5.04
4.51
5.54
2.85
5.53
4.97
7.06
7.63
8.02
6.09
7.68
5.54
7.31
4.32
4.53
3.48
5.18
4.92
8.11
5.38
3.17
5.78
6.48
2.14
6.17
7.27
2.50
5.96
8.11
3.13
5.60
6.29
7.21
6.34
3.30
8.14
6.76
5.86
2.74
2.37
2.33
6.65
7.24
7.78
4.17
5.04
6.81
5.08
6.99
5.15
5.65
4.62
2.41
3.74
6.81
6.05
5.82
3.81
2.41
3.57
5.96
6.87
3.55
4.54
4.12
5.57
5.25
3.38
4.73
3.61
3.94
4.80
4.30
7.04
4.63
6.22
3.28
4.84
4.16
5.56
5.04
2.60
3.47
4.84
7.35
3.47
3.00
2.48
6.33
3.34
4.62
4.16
5.15
5.13
6.48
6.04
4.42
4.26
4.75
3.08
4.71
4.59
5.78
5.68
5.61
5.80
6.36
4.99
1.81
3.76
4.72
4.96
5.45
5.03
5.44
4.46
4.34
3.63
3.23
3.42
2.60
2.17
3.51
2.97
4.74
4.09
3.72
4.15
3.27
3.31
2.25
1.61
3.75
2.59
2.75
2.42
1.02
2.75
3.39
1.64
3.49
3.26
2.95
1.87
0.84
3.00
2.13
0.87
1.11
2.33
2.31
0.79
2.59
1.36
2.02
1.93
2.02
1.07
1.94
1.42
1.69
1.02
0.81
0.59
1.15
0.93
0.49
2.06
0.61
1.71
1.11
1.17
1.62
1.67
1.08
0.89
1.04
1.74
0.89
1.23
0.44
1.19
1.37
1.27
1.01
0.57
0.94
0.63
1.63
1.04
0.75
1.19
0.76
0.91
1.02
0.62
0.39
0.71
0.60
0.71
0.77
0.33
0.38
0.46
1.08
1.30
1.09
1.21
1.12
0.76
0.98
1.10
0.75
0.36
0.41
0.40
0.44
0.50
0.74
0.32
0.75
0.90
0.66
0.47
0.62
0.44
0.46
0.36
0.47
0.84
0.77
0.53
0.56
0.62
0.56
1.07
0.84
0.59
0.50
1.29
1.48
1.33
1.05
0.92
0.45
1.06
1.50
0.90
0.42
0.96
1.17
1.64
1.35
0.93
0.60
1.55
1.72
1.58
1.26
1.86
1.21
1.00
0.78
1.10
1.55
1.03
0.90
0.86
0.80
1.00
1.18
1.14
1.08
2.35
0.87
2.16
2.53
1.55
1.15
2.04
1.63
2.33
1.12
1.59
2.59
2.57
1.56
1.06
3.67
2.36
1.96
2.48
1.74
2.40
1.40
2.67
2.50
4.01
1.67
2.09
1.92
1.28
2.31
2.21
3.25
2.00
2.00
1.89
2.12
1.96
3.49
2.45
2.94
5.01
2.36
3.41
3.03
2.34
2.79
4.86
1.72
2.74
3.06
3.70
4.61
4.45
4.38
3.51
5.08
5.68
3.76
3.31
5.97
4.32
2.24
5.32
4.86
3.61
3.07
3.68
2.22
5.21
3.07
2.71
2.80
6.36
6.36
4.40
7.13
3.11
2.43
6.68
6.30
6.05
3.88
6.93
5.57
3.61
6.12
3.85
4.42
5.44
3.56
7.61
4.56
8.09
7.71
8.23
8.33
6.37
7.33
7.30
8.00
7.53
5.80
5.32
6.25
5.80
3.07
4.45
5.52
6.80
4.07
5.31
5.53
7.84
5.43
4.05
3.49
6.62
5.34
6.10
5.05
8.89
8.41
8.24
4.71
4.72
8.82
7.09
7.16
7.53
6.30
5.22
6.89
7.05
8.34
8.32
7.48
6.18
4.74
5.19
4.81
2.89
4.68
6.33
6.90
8.39
7.67
4.11
2.98
5.88
4.13
6.13
2.58
2.72
4.68
3.97
7.22
4.63
7.51
2.62
6.95
6.11
4.51
6.98
3.52
2.81
7.98
7.28
5.65
7.21
7.84
4.29
4.00
6.59
5.30
3.33
5.96
3.59
2.25
5.05
5.29
5.44
3.74
1.53
7.00
4.17
3.99
5.66
5.03
6.50
6.43
4.48
4.01
2.06
1.90
4.11
3.70
2.06
5.22
3.88
4.34
5.57
3.06
4.34
4.95
5.82
2.82
2.12
5.07
4.47
2.62
3.63
4.76
4.09
1.94
4.34
3.06
2.50
2.00
2.72
2.54
4.26
1.64
1.44
2.67
3.28
3.60
1.47
1.44
1.80
2.99
3.86
1.45
1.56
2.15
3.19
1.53
1.21
1.74
1.79
1.51
2.95
2.45
1.61
3.40
1.86
2.40
2.22
2.02
1.30
1.55
2.21
1.21
1.20
1.95
1.61
1.10
1.93
1.41
0.86
1.88
2.23
2.00
1.31
1.81
1.78
1.12
1.56
1.35
0.77
0.93
0.72
1.59
1.63
1.29
1.22
1.02
1.63
1.25
1.32
0.52
1.24
0.78
0.60
0.71
0.68
0.89
0.74
1.20
0.53
0.30
0.67
0.56
0.60
0.34
0.82
1.05
1.14
0.62
0.60
0.80
1.03
1.19
0.48
0.86
0.72
0.71
0.76
0.64
0.88
0.51
0.50
0.59
0.41
0.85
1.21
1.19
0.50
0.35
0.74
1.15
0.71
0.35
1.12
1.14
1.22
0.61
1.00
0.36
0.42
0.78
1.12
1.05
0.51
0.80
1.02
0.48
1.48
1.07
0.71
0.92
1.36
0.68
0.96
0.52
0.74
0.69
0.91
0.72
0.55
0.99
1.14
1.27
1.14
1.06
0.90
1.24
1.67
1.18
1.07
0.95
1.27
0.79
0.97
0.73
1.11
1.10
1.76
2.17
0.92
1.50
1.12
1.71
2.15
1.23
1.96
1.71
3.36
1.85
0.76
1.43
3.13
2.27
1.58
0.82
0.74
2.73
1.29
1.01
0.73
0.83
2.17
2.28
2.54
2.43
4.00
3.00
2.48
1.96
2.80
2.21
4.38
2.27
1.58
4.53
4.75
4.80
5.36
3.31
2.31
1.94
2.67
3.45
2.09
5.32
4.76
3.37
4.87
5.58
2.92
2.59
1.50
4.75
2.61
2.66
3.28
2.87
5.35
5.89
3.61
3.33
3.64
3.78
3.72
6.13
2.89
5.12
6.20
6.66
2.20
5.29
7.32
6.75
5.64
5.08
5.83
7.05
6.42
7.88
7.90
7.84
7.07
1.79
3.34
5.17
2.24
2.65
5.00
6.72
2.13
3.29
6.66
8.13
7.73
4.70
3.56
4.32
3.55
1.67
2.23
7.80
7.72
2.25
5.33
4.15
4.63
4.30
7.43
6.03
6.60
7.65
5.26
7.55
4.51
2.73
2.46
1.78
5.27
2.99
6.51
4.33
5.81
4.79
6.23
8.88
8.81
7.84
8.15
8.41
7.41
4.17
8.11
5.04
7.81
6.38
7.29
5.80
5.94
3.98
8.58
8.30
8.39
5.62
4.43
6.97
6.30
7.03
2.24
5.30
2.49
6.16
7.17
4.98
4.42
4.84
4.71
3.93
3.38
6.86
7.40
3.64
2.75
2.95
3.26
7.20
5.39
4.46
6.01
5.70
2.31
7.05
5.94
4.71
4.37
3.58
6.32
2.96
6.83
5.98
5.45
3.29
7.02
6.50
4.63
5.16
3.77
2.50
4.90
4.76
4.76
5.16
5.53
5.72
5.14
4.23
3.61
5.75
6.05
4.34
4.11
5.16
4.09
4.38
2.99
2.54
1.38
4.03
4.68
0.99
3.84
2.04
3.60
4.24
4.99
3.70
2.10
2.54
4.56
3.93
4.48
2.20
4.26
3.94
3.22
2.04
0.93
3.73
2.16
2.96
1.56
2.94
2.97
1.55
2.99
1.62
2.65
3.11
0.99
2.10
0.91
2.84
2.08
3.13
3.33
3.11
2.56
2.15
2.66
2.40
1.97
1.22
2.44
0.95
1.32
0.65
2.35
1.23
0.52
0.72
0.83
0.90
0.96
0.94
2.04
0.68
1.32
0.67
1.63
1.73
1.65
0.62
1.54
1.26
1.20
1.33
0.96
1.40
1.66
1.31
1.26
0.70
0.62
0.88
0.93
0.76
0.70
0.35
1.04
1.00
0.89
0.60
1.27
0.67
0.79
0.89
0.44
0.82
0.93
0.95
0.41
0.44
0.80
0.82
0.87
0.68
0.49
0.48
0.45
0.95
0.96
0.50
0.91
0.73
0.68
0.65
0.95
0.79
0.43
1.23
0.60
1.04
0.40
0.72
0.98
0.80
0.64
0.43
0.38
0.38
0.77
0.49
1.12
1.28
1.00
0.97
0.99
0.49
1.33
0.69
0.68
1.42
1.04
0.55
1.34
0.78
0.80
1.61
0.83
2.02
1.48
1.26
1.41
0.95
1.80
1.70
1.55
1.43
0.76
1.96
1.39
1.40
1.19
1.52
1.46
1.75
2.08
1.01
1.91
1.41
0.85
1.36
0.87
2.73
1.28
0.66
1.09
2.18
0.98
1.87
3.58
3.35
1.06
3.33
1.73
1.38
1.27
1.21
3.95
1.21
2.02
2.92
2.50
2.68
3.78
2.60
2.25
2.53
3.05
3.60
1.19
1.81
1.64
3.37
4.78
1.19
1.92
2.46
1.19
2.23
3.42
4.37
1.25
3.96
3.95
2.96
5.21
1.26
5.33
5.68
5.58
4.81
6.05
5.92
4.28
2.85
5.17
6.83
5.55
3.00
5.00
3.59
4.50
5.09
2.67
4.65
2.70
3.85
5.54
6.32
6.50
6.47
5.66
7.27
2.10
4.13
7.45
7.07
7.92
2.61
2.45
6.26
7.75
2.54
4.93
4.23
4.32
7.40
3.69
2.13
2.93
4.61
5.72
5.18
2.60
4.80
5.38
6.05
8.02
7.91
8.71
3.63
4.68
5.08
4.88
5.36
4.49
3.85
8.74
8.38
6.64
7.90
8.05
8.52
8.66
8.84
8.41
6.27
5.90
4.65
5.95
2.28
8.25
6.80
2.68
4.01
4.79
6.57
7.13
7.62
8.61
5.01
5.05
3.08
6.29
5.50
6.56
3.64
5.05
6.89
4.01
6.05
4.09
7.29
6.43
4.61
6.49
6.19
3.78
7.25
6.22
4.58
8.19
7.30
5.57
3.76
2.88
5.43
6.52
6.74
6.00
4.47
4.72
2.44
2.20
6.96
5.92
5.66
4.36
4.95
1.76
3.08
4.63
3.07
7.04
6.49
6.30
4.68
5.76
2.52
5.58
3.34
2.28
4.25
5.86
3.58
2.99
4.43
5.81
5.09
3.46
2.95
1.45
3.61
5.86
2.28
1.97
5.14
4.18
3.80
3.30
3.20
4.59
2.31
4.30
2.52
2.98
3.25
3.64
3.87
2.31
1.74
3.14
3.57
3.81
1.99
1.52
1.63
2.63
2.39
2.31
1.75
2.09
2.13
1.12
2.84
3.08
3.46
3.29
3.17
3.66
3.64
2.70
3.05
2.60
2.48
2.39
2.25
1.56
1.56
1.88
2.44
1.90
2.11
1.19
1.68
2.15
2.06
1.94
1.66
1.71
0.84
0.49
1.75
2.20
0.91
0.48
2.17
1.72
1.70
1.28
0.46
0.82
0.95
0.89
1.04
0.49
0.52
1.45
0.95
0.91
0.35
0.75
0.74
0.69
0.55
0.86
0.56
0.79
0.52
0.57
0.65
0.62
0.70
1.00
0.90
1.19
1.03
0.37
0.95
0.80
0.77
0.85
0.43
0.70
0.56
0.55
0.59
0.47
0.83
0.38
0.78
0.90
0.60
0.86
1.18
1.10
0.91
0.51
0.41
0.35
0.40
0.55
0.62
0.61
0.80
0.45
0.56
0.45
0.76
1.11
0.44
0.78
0.61
0.74
0.77
1.04
0.78
0.79
0.49
0.64
0.34
1.15
1.00
0.65
0.89
0.50
0.95
0.55
0.65
1.09
0.43
0.94
0.88
1.17
0.55
0.85
1.28
1.00
1.10
0.68
0.76
0.64
1.36
1.00
1.54
0.72
1.89
1.56
0.48
2.31
0.75
2.22
1.07
1.17
1.07
2.84
0.79
0.84
2.15
2.36
2.33
0.97
1.60
1.81
1.31
1.81
1.27
2.52
2.84
2.19
2.46
1.38
1.29
1.78
3.56
3.65
1.38
3.60
2.69
3.29
2.36
3.98
2.69
2.84
4.62
4.76
3.95
3.38
1.59
4.65
1.26
4.95
2.60
2.09
2.49
1.95
2.10
4.40
2.00
2.96
4.21
4.61
3.92
5.58
5.84
6.16
5.99
5.88
4.26
4.09
2.43
5.73
5.47
6.40
6.03
2.02
5.79
3.92
4.28
3.96
5.57
2.04
2.46
4.76
2.94
6.06
7.08
6.89
7.36
6.97
6.85
5.07
5.36
5.27
2.08
6.16
7.53
6.71
5.91
1.84
4.01
7.69
7.48
5.47
4.17
4.00
6.97
4.28
5.43
2.84
3.46
7.08
5.01
6.82
5.65
4.34
3.94
3.31
7.61
5.77
6.61
5.09
6.98
5.49
3.75
3.89
7.39
8.02
8.06
7.83
3.92
2.52
7.36
3.14
5.65
7.10
8.06
8.56
8.30
7.72
8.36
8.52
8.05
7.79
7.97
7.11
4.73
6.14
4.93
3.77
4.28
5.50
7.59
7.24
3.94
5.11
6.61
6.97
5.70
5.81
5.19
4.42
2.95
4.20
5.05
5.67
7.50
6.93
8.11
6.29
3.85
5.21
5.94
4.66
5.04
5.71
4.75
3.15
4.45
6.16
3.05
6.02
7.29
6.17
6.90
7.01
6.35
3.70
5.84
2.92
6.39
6.64
6.43
5.99
6.11
5.49
6.11
6.21
5.16
3.15
3.81
3.64
3.77
5.14
4.51
5.17
4.34
5.05
4.54
3.81
3.37
4.68
1.98
3.28
4.00
3.85
1.26
3.96
3.63
4.59
3.55
2.85
4.38
3.82
3.75
2.83
3.97
4.29
3.23
4.48
3.73
2.40
1.41
3.41
3.51
2.11
1.81
3.67
2.83
2.11
3.20
3.53
1.03
0.90
3.62
2.29
3.21
1.54
1.62
1.44
1.99
2.59
1.18
1.84
1.84
2.31
1.33
1.53
1.40
2.31
0.55
2.22
0.74
2.25
1.02
1.17
2.27
1.90
1.35
1.42
1.72
1.31
1.77
1.61
0.80
0.83
0.49
1.01
0.77
1.45
1.88
0.54
1.45
0.92
1.15
1.74
1.26
0.77
1.59
1.07
0.69
0.62
0.92
0.78
0.93
0.77
0.77
0.74
0.47
0.38
0.95
0.48
0.67
0.83
0.57
0.79
1.21
0.72
0.82
0.69
0.39
0.54
0.59
0.27
0.68
0.67
0.32
0.37
0.67
0.60
0.42
0.93
0.96
0.84
0.92
0.77
0.70
0.25
0.69
0.72
1.10
0.67
0.41
0.97
0.42
1.02
0.36
0.65
1.38
0.72
0.89
0.68
0.54
1.20
0.84
0.95
0.47
0.61
0.78
0.88
0.76
0.55
0.53
0.39
1.23
1.38
0.56
0.39
0.47
0.87
0.37
0.77
1.42
1.87
0.35
1.43
0.51
1.62
1.65
1.22
1.35
0.95
2.15
1.66
2.06
1.53
0.87
1.62
1.84
1.24
2.02
1.64
1.49
1.52
2.19
2.64
2.44
3.07
3.38
1.03
2.73
2.33
1.44
1.37
0.79
3.08
2.09
2.61
3.70
1.53
1.24
1.29
1.06
3.76
3.55
2.13
2.87
3.54
0.71
0.83
1.05
2.50
2.71
0.95
1.08
3.76
2.71
3.31
4.51
3.16
4.21
5.05
4.26
4.34
3.59
3.72
2.78
1.54
1.86
4.41
3.46
1.41
3.70
1.56
2.18
1.06
5.65
1.81
2.67
4.67
2.22
3.89
4.95
5.68
5.99
4.73
6.19
6.36
4.83
4.18
3.18
2.52
6.65
4.40
5.44
6.75
6.45
7.06
5.83
6.07
6.28
7.11
6.03
6.62
7.07
3.75
2.87
4.63
3.17
5.48
5.15
3.14
2.16
3.34
6.22
2.89
5.59
3.45
2.27
4.19
7.45
6.91
7.39
2.39
5.13
5.94
7.33
2.63
7.90
2.62
5.07
1.68
8.11
8.28
7.68
7.62
7.91
7.81
7.76
6.20
2.94
6.97
6.71
6.55
6.22
3.30
3.73
5.98
3.24
5.80
5.13
6.39
5.41
4.40
6.58
5.99
6.60
7.46
6.29
3.82
5.78
3.97
3.11
4.68
3.92
7.19
7.85
7.13
7.63
7.07
7.23
7.02
6.71
4.53
6.04
7.54
5.08
5.40
2.94
5.31
3.35
3.78
5.91
5.21
6.87
7.06
2.46
3.96
4.84
2.68
3.43
5.00
5.62
5.70
6.44
6.04
5.61
5.73
5.39
5.31
1.63
4.72
5.07
1.30
3.86
4.47
4.66
4.46
4.04
3.66
3.80
4.36
4.71
4.00
4.22
3.70
4.97
4.84
4.70
5.05
4.84
3.81
3.40
3.34
3.45
4.76
4.73
4.87
4.88
4.45
4.23
3.70
1.00
2.53
3.84
2.02
1.87
3.84
1.58
3.77
2.52
1.22
1.39
2.76
2.87
1.60
2.41
2.84
1.11
1.93
0.89
1.33
3.02
1.33
1.95
1.39
1.75
2.60
1.90
2.73
1.38
0.89
0.53
1.69
0.95
1.29
0.84
2.06
1.23
0.74
1.21
1.56
0.79
0.96
1.05
0.62
1.30
1.48
1.39
1.64
1.58
1.68
0.56
1.53
1.68
0.47
1.33
0.78
0.92
0.92
1.14
1.19
0.50
0.96
1.41
0.79
1.05
0.25
0.93
0.73
0.32
0.84
0.46
0.60
0.45
0.67
0.68
0.81
0.84
1.12
1.09
0.35
0.28
0.40
0.51
0.32
0.53
0.73
0.62
0.73
0.34
0.20
0.52
0.32
0.21
0.15
0.47
0.71
1.02
0.28
0.82
0.69
1.00
0.54
1.07
1.02
1.06
1.02
0.26
0.43
0.28
0.40
0.44
0.34
0.28
0.42
0.50
1.23
1.24
0.60
0.64
1.37
0.87
0.65
0.70
0.67
0.53
0.79
0.72
0.76
0.82
0.55
0.95
0.63
1.30
1.29
1.24
1.64
1.04
0.54
1.93
1.00
1.49
1.81
0.81
1.65
0.47
0.84
1.97
0.81
2.06
1.90
0.77
1.74
0.88
1.55
1.61
1.81
1.04
1.14
1.63
2.50
1.56
2.28
1.70
2.38
0.96
0.84
1.19
2.38
1.25
2.45
2.79
2.74
3.13
1.89
1.51
2.20
1.81
1.48
1.44
4.01
3.93
4.34
3.59
4.01
2.73
4.11
2.42
2.09
2.37
4.87
5.11
5.07
5.26
4.91
3.73
4.18
3.08
2.80
2.88
5.30
4.84
5.23
5.67
4.99
4.46
5.85
4.92
5.41
5.75
2.89
6.02
4.03
5.87
4.88
3.60
5.36
5.13
4.29
3.99
3.40
4.93
5.87
5.26
6.85
6.92
3.86
4.47
3.60
6.38
5.47
3.88
6.06
5.67
5.47
5.72
6.34
6.75
6.01
5.33
1.79
6.62
3.44
3.28
4.99
5.56
3.82
7.40
7.83
7.87
6.39
7.49
7.91
7.61
7.75
7.95
2.14
4.13
5.56
0.67
3.01
5.31
6.83
3.79
1.29
4.30
3.60
3.04
5.86
7.05
7.34
6.75
3.52
5.36
4.88
6.25
4.63
3.95
3.49
3.95
3.10
3.26
2.31
3.88
3.86
4.67
2.98
3.67
6.57
7.88
7.47
7.57
6.93
7.58
5.51
4.84
2.84
4.72
5.91
3.43
4.30
4.93
6.04
7.00
4.81
6.82
7.23
5.85
4.01
5.66
2.92
6.59
5.57
6.24
5.54
4.01
2.45
4.68
1.02
2.29
4.44
1.86
4.58
4.72
4.42
4.44
5.09
2.48
6.44
6.01
5.71
6.07
4.22
4.33
3.12
3.73
1.94
1.99
3.07
2.63
5.89
4.15
5.47
3.06
2.83
3.40
2.75
5.12
2.28
1.85
4.87
4.21
4.09
3.38
3.90
3.58
5.01
1.48
3.57
4.47
4.29
3.09
3.90
4.26
2.45
1.39
2.80
2.00
3.54
3.82
4.19
4.04
3.94
2.46
3.25
2.21
2.11
2.36
2.73
1.80
2.18
3.50
1.56
2.67
1.40
1.49
3.13
1.62
1.98
1.79
1.04
1.43
1.17
1.30
2.31
1.26
0.67
0.76
0.71
1.87
2.19
1.12
2.18
1.63
2.33
2.27
1.02
2.36
1.66
2.04
1.64
0.47
0.76
0.45
0.86
1.04
1.54
0.87
1.14
1.65
1.26
0.50
0.41
0.98
0.38
0.93
1.21
0.63
1.29
1.43
0.28
0.22
1.14
0.33
0.49
1.08
0.98
0.63
0.38
0.98
1.28
1.18
0.99
0.41
0.28
0.91
0.40
0.61
0.65
0.83
0.81
1.14
0.64
0.49
0.30
1.12
0.95
0.61
0.96
0.30
0.31
0.56
0.52
0.95
0.81
0.82
0.22
0.28
0.82
0.37
0.82
0.60
0.30
0.47
0.37
0.61
0.49
1.14
0.70
0.38
0.57
0.46
1.12
1.36
1.30
0.56
0.38
1.03
1.49
0.48
0.48
0.90
0.87
1.47
0.50
1.63
1.31
1.36
1.50
0.59
1.43
1.67
1.80
1.54
0.71
0.69
1.41
1.65
0.74
1.24
1.00
1.74
1.88
1.80
1.60
2.42
2.58
1.37
0.99
1.28
2.11
2.57
1.89
2.83
2.02
1.25
1.01
2.34
2.50
1.15
1.00
3.23
2.10
1.12
2.88
2.16
3.04
1.36
3.12
2.49
1.70
2.29
2.12
2.11
2.00
3.04
4.00
4.26
2.43
1.87
2.31
1.97
1.38
1.41
2.66
3.33
1.26
3.62
4.25
2.35
2.93
2.65
3.50
4.01
4.66
3.82
2.92
2.33
2.74
2.54
4.26
4.96
3.54
4.26
2.06
5.09
5.49
4.58
4.47
2.04
2.13
3.95
5.14
6.05
6.03
5.95
5.36
1.45
2.77
6.37
6.93
6.60
3.79
3.92
3.43
3.58
5.67
6.58
3.45
4.82
5.49
3.82
4.98
5.46
6.56
7.41
7.51
7.17
7.22
6.63
5.66
6.39
3.41
5.41
4.76
4.67
4.74
3.30
1.64
5.69
4.70
5.56
5.46
6.18
3.38
3.46
5.25
1.14
5.64
5.32
6.76
4.59
5.11
3.89
8.02
7.46
2.57
2.95
6.56
4.00
6.96
6.81
2.22
5.70
6.44
1.99
5.90
5.09
3.11
6.49
3.13
6.19
4.73
3.82
4.59
2.93
7.01
3.87
3.66
3.46
1.95
3.16
7.40
5.52
3.02
5.65
6.09
6.00
3.93
2.19
6.18
3.89
6.74
6.86
5.77
2.86
5.41
3.67
5.12
6.25
5.30
4.74
6.02
2.23
7.20
7.07
5.44
6.50
6.71
6.82
5.01
6.65
5.92
5.53
3.17
6.18
5.64
3.54
6.21
5.71
3.48
4.88
3.50
2.09
5.31
3.14
4.05
5.42
5.40
5.73
5.38
3.08
5.01
1.96
5.04
3.05
3.70
2.42
2.09
4.25
4.11
4.47
3.76
3.72
4.04
3.51
2.79
3.38
2.74
2.52
4.33
4.58
4.09
4.04
3.39
1.89
1.64
1.48
1.79
1.58
1.23
1.60
1.98
3.13
1.58
1.61
2.23
1.59
2.91
2.77
1.20
2.43
2.58
1.86
0.70
1.91
1.95
0.63
2.36
2.14
2.37
1.01
1.90
0.49
2.00
0.57
1.97
2.23
0.48
1.28
1.81
1.43
0.45
1.83
1.34
0.90
1.62
1.60
1.67
0.97
1.26
1.69
1.91
1.24
1.41
0.79
1.31
1.56
0.79
0.52
1.19
0.25
0.32
0.81
0.49
0.95
1.41
0.71
0.80
0.51
1.01
1.02
0.74
1.12
1.12
0.82
1.10
0.59
0.61
0.56
0.25
1.09
0.70
0.24
0.34
0.74
0.51
0.26
0.59
0.55
0.22
0.50
1.05
0.61
0.85
0.28
0.26
0.10
0.12
0.56
0.80
0.22
0.87
0.31
0.37
0.88
0.65
0.46
0.54
0.19
0.41
0.91
0.99
1.14
1.15
0.77
0.41
0.99
0.28
1.05
1.26
0.39
0.31
1.35
1.58
1.72
0.41
0.68
0.86
0.61
0.93
1.14
0.88
0.82
0.76
1.98
1.62
0.64
1.09
1.10
1.22
1.52
0.76
1.61
1.64
1.81
1.22
1.44
0.88
1.14
1.85
1.25
1.35
0.98
1.26
1.29
2.42
1.30
1.70
1.29
1.12
3.16
2.40
1.23
1.24
1.88
2.04
2.50
2.54
3.01
1.77
2.40
3.00
1.31
2.76
3.77
3.38
3.47
3.61
3.84
3.93
3.97
2.78
3.40
2.70
2.02
3.19
1.90
4.30
4.84
2.25
3.60
2.09
4.34
3.56
4.46
3.46
1.78
2.99
3.46
3.74
2.57
3.70
5.16
4.40
4.09
5.01
3.82
4.81
4.26
4.49
5.39
2.00
2.74
2.76
5.38
5.83
4.99
2.56
4.43
5.38
6.88
6.74
4.26
4.59
6.77
5.15
5.82
4.40
6.14
4.70
2.36
2.63
4.93
5.30
5.21
5.36
4.59
5.52
4.08
6.34
2.57
4.66
6.91
3.16
6.65
3.07
4.32
5.89
4.68
2.75
6.48
2.46
3.33
4.04
5.44
2.17
3.76
4.78
4.15
4.50
6.42
3.33
7.34
3.42
7.06
4.54
7.10
6.17
4.93
6.75
5.84
7.28
3.39
7.16
7.06
5.93
3.98
7.91
7.39
5.23
6.74
2.90
4.29
4.57
3.99
4.46
3.88
4.97
6.85
5.20
4.82
6.79
6.95
6.35
7.45
7.86
3.82
3.19
5.69
3.77
6.00
7.02
2.98
5.62
5.24
4.72
7.80
7.68
6.96
5.93
6.03
5.91
6.52
6.54
6.63
6.61
2.92
5.21
2.25
6.46
3.30
5.72
4.51
4.49
5.70
2.02
6.38
3.30
5.39
3.06
5.15
4.33
5.05
5.98
5.16
4.84
1.60
3.38
1.85
3.19
3.70
5.29
5.71
2.63
5.44
3.52
3.99
4.99
2.75
5.12
4.87
3.79
4.62
2.19
4.55
4.23
1.53
3.21
4.59
4.75
1.64
4.13
3.90
1.89
3.37
2.88
3.57
2.48
3.06
2.33
2.87
1.79
1.95
1.14
2.53
2.18
1.55
2.23
2.46
3.36
2.80
2.79
1.41
1.80
0.98
1.38
2.85
3.21
2.54
1.94
0.27
1.62
1.98
1.52
1.84
1.27
0.55
1.58
1.53
1.88
2.25
2.24
2.27
1.80
0.85
0.98
1.92
0.62
2.02
1.56
0.64
1.12
1.61
0.96
0.98
1.52
1.78
0.97
1.53
1.25
0.75
0.82
1.32
0.80
0.98
1.41
1.20
0.64
1.10
0.93
0.76
0.75
0.32
1.00
0.25
0.75
0.45
0.78
0.86
0.55
0.91
0.63
0.46
0.40
0.46
0.86
0.41
0.40
0.59
0.80
0.78
0.82
0.63
0.22
0.25
0.84
0.49
0.75
0.22
0.76
0.23
0.65
0.32
0.18
0.53
0.85
0.30
0.56
1.05
0.74
0.40
0.78
0.76
1.09
0.56
1.12
1.20
0.74
0.68
0.51
0.83
0.81
1.14
1.14
0.90
1.50
0.53
0.46
1.25
0.96
1.32
0.85
1.56
1.91
1.46
0.79
0.68
0.98
1.15
0.69
1.72
0.94
0.88
1.10
0.98
1.02
1.71
1.80
2.11
2.11
1.68
2.18
1.38
1.39
2.15
0.96
1.62
2.15
2.18
2.46
1.31
1.14
1.30
3.04
1.31
0.94
2.93
2.35
3.04
1.46
2.06
3.24
2.86
1.60
2.02
1.91
1.81
2.75
2.71
3.96
3.11
2.06
4.11
1.45
1.54
2.46
4.47
3.16
4.16
3.47
3.43
3.89
3.79
4.40
4.09
2.69
1.43
3.15
3.55
3.14
1.55
1.30
2.92
2.82
4.53
5.05
5.46
4.23
5.90
3.35
3.12
4.11
3.45
4.07
3.05
4.41
2.97
1.80
4.58
4.59
5.61
4.90
2.33
2.81
3.23
5.01
5.80
5.77
5.58
6.62
6.92
3.40
2.13
4.65
5.68
5.26
4.12
4.97
5.73
2.70
2.58
6.47
4.58
6.40
3.74
4.34
6.19
6.34
2.73
6.19
4.42
2.44
2.53
6.79
2.22
4.51
6.90
5.57
3.94
4.04
3.34
2.37
4.88
5.49
7.06
6.58
5.44
4.28
3.91
6.25
5.48
3.80
2.59
3.32
3.70
6.51
5.67
8.39
2.46
5.03
5.22
3.50
4.42
3.74
7.55
7.94
6.12
6.24
3.53
3.30
5.64
4.13
5.15
4.99
4.45
4.84
5.03
4.09
4.26
5.09
5.79
4.16
4.26
5.40
7.17
6.91
7.55
7.93
7.27
7.69
7.49
5.14
3.95
5.36
4.56
5.20
3.81
6.03
5.65
5.04
5.33
6.65
4.65
4.07
4.26
6.28
4.79
4.73
4.04
3.74
4.42
4.84
3.27
1.91
3.65
2.76
5.11
4.50
5.08
5.79
6.03
5.25
2.06
3.50
5.63
2.25
4.17
4.25
3.84
2.96
5.34
2.73
2.42
3.60
4.74
3.73
2.92
2.94
1.94
1.28
2.34
4.87
2.09
3.12
2.46
1.60
3.12
3.46
2.58
3.55
1.55
3.40
2.62
3.68
3.12
2.90
0.85
2.06
0.48
3.15
2.29
1.44
0.80
2.25
1.28
2.38
2.93
2.65
0.68
2.67
0.81
1.36
1.59
1.85
2.49
0.65
1.75
2.49
1.83
1.75
2.36
1.07
1.32
1.76
1.91
0.68
0.95
1.95
0.86
0.67
0.59
1.48
1.69
1.98
1.14
1.54
1.90
0.15
0.81
0.41
0.78
1.51
0.75
0.70
1.20
1.21
0.41
0.65
1.07
1.27
0.61
0.88
0.89
0.30
0.66
1.17
0.34
0.82
1.02
0.20
0.22
0.84
0.13
1.02
1.07
0.67
0.84
0.71
0.64
0.30
0.92
0.99
0.88
0.23
0.18
0.79
0.71
0.82
0.71
0.41
0.48
0.28
0.33
0.67
1.04
0.56
0.23
0.13
0.39
1.10
1.05
0.68
1.07
0.27
0.76
0.74
0.43
0.62
0.70
0.78
0.86
1.11
0.71
0.39
0.34
0.51
1.34
1.45
0.52
0.20
0.50
0.81
0.89
1.00
0.82
0.65
0.38
1.26
1.39
0.28
1.22
1.31
1.64
1.05
1.09
0.59
1.32
0.86
0.71
1.50
1.29
1.56
0.81
2.20
0.78
1.01
1.52
2.37
2.53
1.95
2.50
2.75
1.89
2.34
1.69
2.12
1.56
1.64
2.52
1.83
2.02
1.76
1.63
2.78
2.23
1.35
3.05
2.48
1.42
3.14
2.82
2.18
2.16
1.66
2.35
3.00
1.55
1.71
1.89
2.35
1.50
1.51
1.25
3.16
2.78
2.84
2.36
2.37
1.75
3.38
3.07
3.89
2.18
2.70
1.74
1.69
2.95
4.87
3.18
2.91
2.69
1.87
3.37
4.36
5.04
1.84
2.68
2.36
2.99
3.50
4.05
4.19
4.68
5.13
3.28
3.45
5.95
4.28
3.93
2.73
3.95
5.76
6.74
6.72
4.53
6.51
5.57
6.48
6.38
4.73
7.00
7.28
5.76
5.63
4.66
6.71
5.25
6.86
5.28
4.87
5.92
6.34
4.92
6.88
7.25
7.80
6.75
7.32
5.46
4.11
2.43
3.65
5.66
5.49
7.46
3.56
5.09
7.53
7.81
4.13
5.13
6.68
7.75
7.25
7.97
6.16
5.48
6.57
3.13
3.60
5.62
6.30
5.46
7.86
4.68
8.05
8.16
7.35
7.08
7.40
3.89
5.47
5.00
3.33
6.83
2.93
5.07
1.94
2.04
0.28
1.12
3.69
5.05
3.71
4.80
6.90
6.96
5.07
5.58
6.76
5.31
2.44
2.68
6.97
1.65
3.70
6.27
4.36
6.24
6.80
5.77
5.16
6.67
6.76
5.28
4.51
6.22
3.77
5.41
3.85
5.16
3.71
4.88
5.90
6.26
6.32
3.84
3.44
3.30
5.33
2.76
5.65
3.36
3.93
3.92
5.73
3.14
5.00
3.34
2.61
3.47
3.79
5.95
5.65
5.00
4.50
4.25
3.29
2.00
3.55
4.67
3.09
4.61
3.32
2.72
3.65
4.01
4.73
1.78
2.80
3.63
3.90
4.41
3.57
3.26
2.13
3.99
3.75
3.48
3.41
3.11
3.41
1.61
1.45
2.73
3.40
0.85
2.66
2.31
3.74
1.56
1.04
2.85
0.73
2.08
2.81
1.20
1.73
3.13
1.74
0.37
1.93
1.75
1.53
2.53
1.71
2.72
2.52
1.86
1.46
1.36
0.49
2.18
1.63
1.85
1.41
1.28
2.25
2.22
2.29
2.24
2.08
2.00
0.78
0.70
1.28
1.40
1.02
1.55
1.11
1.05
1.23
1.83
0.70
0.76
0.47
0.87
0.81
0.62
0.74
0.57
0.98
0.26
1.11
0.81
0.73
0.26
0.42
0.88
0.38
0.39
0.88
1.07
0.32
0.41
1.31
0.92
1.22
1.21
1.23
0.14
1.04
1.04
0.72
1.06
0.28
0.43
0.50
0.47
0.36
0.71
0.86
0.77
0.69
0.83
0.38
0.43
0.78
1.18
1.04
0.55
0.84
0.38
0.28
0.51
0.38
0.35
0.48
1.02
0.75
0.46
0.52
0.28
1.27
1.03
1.12
0.44
1.44
0.31
0.37
1.04
0.42
1.03
0.27
0.40
0.39
1.62
1.11
0.82
0.42
0.14
0.49
0.67
0.38
1.34
1.71
0.60
0.98
1.85
1.05
0.47
0.65
1.40
2.11
2.43
1.79
1.47
2.44
1.47
1.72
0.94
1.96
1.60
1.37
0.74
2.06
1.96
1.58
2.23
2.83
1.85
1.56
2.62
1.32
2.06
1.25
3.07
1.35
2.23
1.71
1.18
1.02
1.25
3.30
1.88
3.05
0.66
1.19
2.14
1.65
2.21
3.33
2.25
3.71
3.69
4.79
4.72
4.43
1.84
2.96
2.25
3.46
2.86
3.66
5.30
5.67
5.62
4.97
5.00
5.20
3.10
5.60
3.34
4.33
5.01
3.20
5.46
4.05
2.06
5.14
2.89
3.02
5.01
5.68
5.51
2.76
5.03
4.83
3.40
5.85
6.37
6.21
6.42
6.81
3.12
1.81
5.60
6.38
6.71
4.67
5.05
3.59
6.57
6.32
5.01
1.29
5.08
3.16
2.25
1.74
4.61
6.16
7.11
3.63
4.38
5.86
5.13
6.87
6.14
7.12
7.56
3.58
6.15
7.14
7.34
1.88
2.25
2.82
6.11
4.90
3.20
2.96
2.80
2.31
2.96
2.59
3.31
6.81
5.94
6.24
2.04
3.96
7.04
7.60
5.49
6.89
7.52
7.92
3.20
3.43
4.61
2.42
7.05
4.88
3.39
4.71
4.04
2.53
6.39
6.00
7.14
6.07
6.10
4.99
7.74
5.39
6.45
5.28
7.02
6.90
7.16
4.01
2.78
4.78
2.84
4.08
3.10
4.07
4.38
3.91
2.06
5.95
5.34
6.91
3.79
4.26
4.48
3.70
1.86
3.71
5.07
4.20
6.19
3.99
4.50
4.93
5.63
2.82
3.16
4.95
5.12
3.92
5.15
4.73
5.36
4.11
4.87
5.66
2.84
2.58
2.46
5.28
5.30
4.78
4.86
3.01
2.54
3.29
4.24
3.89
3.70
4.18
4.30
3.66
4.68
4.46
2.81
4.54
3.95
4.05
1.53
1.27
3.79
3.61
4.22
4.21
3.87
3.14
3.10
3.40
3.04
1.51
2.25
0.89
3.51
3.10
3.22
2.63
2.70
1.30
0.47
1.65
0.82
2.91
0.40
2.70
0.79
0.75
2.68
1.92
1.81
0.69
0.89
1.42
2.00
1.77
1.80
1.39
1.73
1.23
0.69
0.47
0.87
0.60
0.50
1.94
1.43
0.72
1.65
1.12
0.38
0.72
0.57
1.40
1.62
0.96
1.32
0.95
1.12
1.36
0.64
0.48
1.17
0.94
0.98
0.91
0.72
1.24
0.54
0.50
1.14
1.30
0.47
1.03
0.80
0.33
1.00
1.08
0.89
0.47
0.38
0.04
0.20
0.14
0.67
0.91
0.32
0.49
0.89
1.04
0.39
0.65
0.04
0.16
0.50
0.25
0.32
0.53
0.57
0.91
0.87
0.28
0.68
0.71
0.53
0.63
0.46
0.93
0.54
1.15
0.56
0.89
0.38
0.79
1.36
0.82
0.92
0.10
1.07
1.11
1.21
0.35
1.24
1.03
0.81
0.96
1.70
1.20
1.40
0.85
0.99
0.77
1.01
0.77
0.55
1.69
1.28
0.80
1.68
1.47
1.29
1.46
1.14
2.22
0.61
2.25
2.20
1.56
1.95
1.94
1.61
1.35
2.49
1.12
1.18
2.74
2.36
1.69
1.73
1.35
0.90
1.86
1.33
1.56
3.16
0.90
1.23
1.55
3.70
2.76
1.59
1.26
2.31
1.86
3.13
1.97
3.63
3.97
4.01
4.32
4.24
3.81
3.32
2.38
4.17
4.07
3.86
3.89
2.93
2.09
1.08
2.81
4.37
5.14
1.81
4.43
3.94
5.34
5.22
5.30
2.66
4.97
4.21
4.88
3.29
4.23
1.31
3.01
4.87
5.93
6.04
6.03
4.49
1.76
3.18
5.72
6.08
4.76
4.54
4.53
3.58
5.90
3.62
4.59
5.18
3.21
2.20
3.17
5.93
6.89
4.54
6.57
6.39
6.15
5.35
5.35
6.62
7.13
1.72
3.49
4.04
3.92
6.24
5.46
2.10
1.90
4.91
5.65
6.19
2.75
5.23
5.85
7.18
7.06
4.76
2.80
6.25
4.01
3.74
5.99
3.77
4.80
5.34
2.88
4.28
4.76
7.62
6.25
7.65
7.79
6.41
6.42
2.74
3.75
7.93
6.71
1.41
7.21
7.33
3.30
4.38
7.32
7.31
2.97
6.00
6.04
6.74
5.44
4.37
3.33
4.44
6.39
3.21
6.28
4.67
6.90
7.78
7.33
4.26
4.91
1.33
4.53
5.66
4.88
2.93
4.82
3.71
3.04
2.40
4.81
3.07
5.68
1.98
2.17
3.07
2.33
4.57
5.98
6.75
3.32
4.70
4.11
6.19
6.75
5.15
2.15
5.78
6.07
2.64
6.50
5.05
4.62
2.87
4.34
4.80
4.11
3.53
3.37
3.33
5.25
5.39
3.75
5.11
2.29
3.66
4.76
3.36
4.63
4.70
4.75
5.39
4.09
4.88
2.27
1.65
2.68
2.87
2.41
3.68
4.26
4.76
4.63
4.84
3.72
1.61
1.88
3.52
3.49
2.37
3.55
3.87
3.54
2.31
3.13
2.45
2.45
2.56
1.07
2.39
2.69
1.72
2.39
2.00
2.10
2.29
1.56
1.67
1.42
0.97
0.98
0.80
2.06
2.75
2.35
2.49
1.76
2.19
1.85
1.45
2.33
2.24
2.06
2.40
2.02
1.37
1.29
0.53
2.06
1.81
1.60
2.25
1.05
1.55
1.61
2.10
1.26
0.89
1.20
0.34
1.81
0.57
1.42
1.32
1.68
0.28
0.66
0.68
0.40
0.92
0.53
0.63
1.15
0.95
0.81
1.09
1.05
0.92
0.55
0.41
0.88
1.06
1.15
0.18
0.43
0.78
0.25
0.87
0.67
0.56
0.28
0.27
0.93
0.69
0.42
1.00
0.56
0.28
0.54
0.59
0.62
0.45
0.61
0.54
0.22
0.61
1.10
0.62
0.61
0.59
0.56
0.65
0.70
0.47
0.49
0.92
0.48
0.84
0.88
0.44
0.36
1.08
0.81
0.66
0.41
0.95
0.89
1.40
0.63
0.50
0.47
0.61
0.44
1.53
0.56
1.14
1.36
1.22
1.69
0.44
0.74
0.43
0.74
0.47
0.69
0.97
1.08
1.80
2.04
0.95
0.95
1.74
0.48
2.23
2.12
2.75
1.45
1.70
2.42
2.61
0.96
1.31
1.70
2.46
1.19
1.74
1.80
1.94
2.19
3.14
3.19
2.34
0.97
1.59
2.04
3.00
3.17
3.22
3.15
3.40
0.33
1.70
2.69
2.50
1.09
2.90
1.89
2.13
2.43
2.04
3.89
3.71
3.50
3.82
2.00
3.99
1.78
3.17
4.68
4.76
3.66
1.60
3.93
2.04
4.11
3.05
3.66
4.62
3.44
5.09
3.38
2.99
4.73
5.29
4.03
1.85
4.23
3.67
2.67
5.50
2.04
2.64
6.16
5.55
6.09
6.40
5.20
5.00
2.66
4.99
3.96
2.18
7.35
6.94
4.76
3.93
5.93
5.26
6.80
6.14
4.70
4.59
3.29
2.77
5.76
6.04
6.82
7.09
7.56
6.38
6.91
7.24
6.95
6.80
7.59
7.11
6.65
5.86
2.29
6.64
6.04
1.62
5.23
7.38
6.43
3.94
5.42
5.09
7.55
4.30
2.69
4.88
7.24
7.37
7.41
7.54
8.47
7.39
3.70
3.11
7.08
4.23
6.86
1.06
5.96
7.55
7.72
1.84
5.93
5.29
5.20
4.26
4.57
5.14
5.84
5.67
7.89
7.45
1.14
3.49
7.36
4.75
3.68
6.72
4.05
3.25
4.05
3.30
5.05
5.60
4.01
2.46
4.56
3.04
7.41
4.78
5.01
3.76
2.75
4.55
2.92
5.38
5.96
6.39
4.38
5.27
5.05
5.14
5.09
6.21
2.04
5.69
5.09
3.08
5.05
4.71
4.41
3.29
4.96
3.04
3.96
6.27
3.97
4.79
2.52
4.92
3.04
4.15
4.08
2.00
3.77
3.39
5.20
5.55
4.98
5.24
4.43
2.99
4.19
5.13
4.70
4.90
4.34
2.08
2.81
1.83
4.28
3.94
4.19
2.77
2.19
3.37
3.42
2.62
3.29
1.94
1.56
3.54
1.43
1.79
2.11
2.02
1.46
2.57
1.51
2.25
0.67
3.49
3.04
2.90
2.70
2.98
0.80
0.56
0.82
2.28
2.50
1.96
2.02
1.58
2.11
1.88
2.35
0.85
1.78
0.61
0.42
1.59
1.81
2.02
0.32
0.88
1.43
1.91
1.26
1.01
0.88
1.15
2.04
0.63
1.39
0.39
0.80
0.86
1.40
0.53
1.14
1.56
1.17
0.65
0.94
0.91
0.68
0.85
0.54
0.56
0.70
0.57
0.50
0.38
0.91
0.46
1.03
1.28
0.49
1.11
1.17
0.90
0.81
0.56
0.93
0.33
0.48
0.93
0.36
0.30
0.31
0.36
0.22
0.49
0.76
0.89
0.34
0.44
0.64
0.90
0.32
0.33
0.55
0.46
0.69
0.40
0.91
0.63
0.52
0.92
0.41
0.89
0.47
0.48
0.59
0.57
0.70
0.80
0.14
0.91
0.37
1.12
1.23
0.25
0.64
1.32
0.68
0.98
0.54
0.95
0.82
0.22
1.53
1.44
0.92
1.12
0.52
0.81
0.74
0.47
0.77
0.77
0.64
1.02
0.81
1.65
1.39
2.00
1.81
0.90
0.75
0.53
1.99
1.21
1.27
2.52
2.09
1.05
1.15
1.34
1.88
1.19
1.62
1.85
1.52
2.09
1.60
2.97
2.15
1.39
2.28
2.25
1.67
2.06
3.05
1.83
1.64
1.24
2.60
1.63
3.29
1.84
1.84
1.77
1.12
1.79
2.02
4.08
3.73
1.46
2.54
2.57
3.02
3.57
3.45
2.17
2.06
2.21
3.43
3.31
4.34
4.28
1.61
3.45
3.31
5.05
3.59
4.12
4.88
5.39
5.04
2.46
4.17
4.80
3.48
5.23
1.17
5.84
2.65
5.92
6.11
1.65
3.84
2.28
2.85
4.80
5.44
3.64
3.21
4.33
4.99
3.78
3.32
3.63
5.41
3.25
6.85
6.41
7.10
5.70
6.24
4.51
1.42
1.08
1.88
6.00
6.25
3.66
3.86
6.34
3.69
6.05
5.58
5.14
4.15
4.16
5.00
6.63
7.07
7.40
3.20
1.88
3.05
4.53
5.58
1.60
3.72
7.03
8.00
8.07
6.27
5.09
6.83
7.56
4.62
3.88
2.45
2.80
7.57
5.29
7.27
6.28
7.93
7.54
3.08
3.07
4.88
6.98
1.28
4.68
4.32
1.37
4.30
6.16
6.87
3.75
5.09
3.74
4.28
7.59
7.66
7.30
7.42
7.15
7.29
5.58
7.25
7.14
4.56
4.41
5.38
4.88
4.29
2.27
3.43
3.28
2.80
1.15
2.48
3.03
2.43
3.29
6.18
6.49
6.70
3.61
4.98
3.02
6.66
6.87
6.60
6.47
6.01
5.86
2.21
5.25
6.53
6.43
6.37
1.86
5.03
5.68
4.74
5.04
4.84
1.61
5.34
3.71
3.76
5.74
4.49
5.51
2.50
4.05
5.75
5.36
1.92
3.42
4.93
4.32
1.72
1.63
1.62
3.06
4.73
3.74
2.66
2.17
4.20
3.81
4.28
3.41
3.86
2.29
4.01
3.35
1.78
3.70
2.29
3.60
1.24
2.49
0.98
2.91
3.06
1.70
1.68
3.66
0.85
1.29
1.09
2.46
0.78
0.45
0.88
2.57
0.89
2.89
0.76
0.99
1.56
1.88
2.63
2.17
1.39
1.53
0.60
2.31
1.19
1.90
1.93
0.64
2.00
1.08
1.70
1.24
1.28
1.69
0.56
1.34
1.39
0.20
1.69
0.53
0.61
0.95
1.58
1.61
0.87
0.95
0.98
1.14
1.35
1.56
1.61
1.59
1.48
0.42
0.28
0.75
0.70
0.67
0.47
0.55
0.76
0.14
0.60
0.67
0.83
0.84
0.36
0.72
0.39
1.19
1.23
0.77
0.81
0.53
0.80
0.57
0.54
0.45
1.07
0.65
0.56
0.27
0.36
0.47
1.07
1.05
1.03
0.92
0.22
0.39
0.74