"","V1","V2","V3","V4"
"1",-17.6329856014387,28.074891623634,-16.9082443207842,0.0228016313526821
"2",-17.6329856014387,27.9999091531746,-18.914203318723,0.0279672453705607
"3",-17.1533235807858,26.9719087647729,-17.6930726505918,-0.000223722223333333
"4",-17.6329856014387,24.7895964289877,-20.0368284805755,0.0706991652790621
"5",-17.2596522614387,27.4816878847158,-18.3101529440635,0.0787306025274126
"6",-17.2596522614387,25.663825695981,-16.9833975582231,-0.00049038889
"7",-17.4409241860486,27.8804327898218,-18.2824283302953,0.069963304719499
"8",-17.6329856014387,24.3042702634867,-17.9840261406088,0.0361166630624103
"9",-17.6329856014387,25.8613646599848,-21.5889364623366,0.0915413937899631
"10",-17.6329856014387,24.9526087323926,-17.9412441610934,0.0999931713670542
"11",-17.6329856014387,25.3274283097307,-18.7315103680928,-0.0009915
"12",-17.2596522614387,23.6801113727614,-20.8083461689227,0.0195026026202513
"13",-17.4290470168288,27.4533767268853,-17.9647244418324,-0.000827055556666667
"14",-17.6329856014387,29.0424854917404,-17.8004050317906,0.0109804038276935
"15",-17.6329856014387,24.2118043157927,-18.6490118186396,0.0033707724287453
"16",-17.6329856014387,25.3865385632911,-18.3208755566319,0.0384154622906094
"17",-17.6329856014387,25.2032776883993,-17.8022625740444,0.0498183475435932
"18",-17.2596522614387,26.7472088995703,-16.7007471720385,-0.00049038889
"19",-17.6329856014387,24.8854757593794,-17.6276425667858,0.11616245935886
"20",-17.6329856014387,27.5952729161232,-18.9537322449293,0.14136451049829
"21",-17.2596522614387,25.2790142791952,-19.0669081433702,-0.000929277776666667
"22",-17.6329856014387,26.7715660682873,-20.3248980977864,0.038112936889438
"23",-17.2596522614387,24.5483519752269,-18.1724846039862,0.0645536407186587
"24",-17.6329856014387,26.966531726076,-18.1195199105807,0.0485677855877672
"25",-17.2596522614387,26.3362523828104,-19.3116103680565,-0.00049038889
"26",-17.6329856014387,24.6205637891675,-20.577959496045,0.0918021532139854
"27",-17.6329856014387,25.89733728949,-20.9165299369516,0.00284351812121709
"28",-17.2596522614387,28.4238320842885,-16.8927479657189,-0.00049038889
"29",-17.2596522614387,27.6218374653264,-19.3051194594568,-0.00049038889
"30",-17.6329856014387,25.2807897609292,-19.4635706859938,0.0780668794322214
"31",-17.6329856014387,26.4313222723129,-20.1800447728839,-0.000827055556666667
"32",-17.6329856014387,25.3494543658958,-18.7687038818208,0.00853430966148944
"33",-17.6329856014387,26.5615058280633,-19.2457560263831,0.127671175401087
"34",-17.6329856014387,26.3738527245957,-22.9633807329486,0.0286694663660023
"35",-17.6329856014387,29.0787467376307,-18.7007658849991,0.0586024630753124
"36",-17.4276410600138,26.7167639593696,-19.5222791025875,0.0638209177408756
"37",-17.6329856014387,27.3311049465796,-20.0823927963149,-0.000827055556666667
"38",-17.6329856014387,25.5076465910605,-19.2313521942505,-0.0009915
"39",-17.6329856014387,26.9788157071029,-16.4439504332224,0.177711310795862
"40",-17.6329856014387,26.8808992144206,-19.7060495204083,-0.000827055556666667
"41",-17.6329856014387,28.5148770646002,-18.881350840089,0.0646559285864956
"42",-17.6329856014387,28.5977123265005,-18.4760857501396,-0.0009915
"43",-17.6329856014387,26.6423576491553,-18.4427458406756,0.0368193063149085
"44",-17.6329856014387,28.785561605392,-17.3364568642109,0.0231349814377622
"45",-17.6329856014387,25.4585323492504,-18.025760062698,-0.0009915
"46",-17.6329856014387,25.3346391973894,-18.9557819618236,0.00565315923851856
"47",-17.6329856014387,28.3696675078501,-17.382077314296,0.0788615492117163
"48",-17.4290470168288,26.8352416776029,-17.0472951656136,0.0541299940756017
"49",-17.6329856014387,24.5323237240438,-16.7895839112274,0.0228016313526821
"50",-17.6329856014387,26.8697026204003,-17.7471799581409,0.0383478752018602
"51",-17.6329856014387,23.4289957816264,-20.0057608251481,-0.0009915
"52",-17.2596522614387,27.8482154291405,-16.4424222782774,-0.00049038889
"53",-17.6329856014387,25.9034122767717,-20.9461629922722,0.0792985663517102
"54",-17.6329856014387,24.5632983780728,-20.2484574372489,-0.0009915
"55",-17.4409241860486,25.9657320545378,-19.6675863434704,0.0603356736695384
"56",-17.6329856014387,28.3658084676677,-20.9149866789246,0.0593565082369011
"57",-17.6329856014387,26.7327720764125,-19.2403735365215,0.0548522009134717
"58",-17.6329856014387,24.8807006619592,-19.179423222644,-0.000929277776666667
"59",-17.6329856014387,26.8951707823304,-17.7620638958441,0.067404323150874
"60",-17.6329856014387,26.7948641988187,-18.7024651018772,0.023326502283192
"61",-17.6329856014387,26.3960563125866,-16.2028972156641,0.00296549118167352
"62",-17.2596522614387,25.5472608201524,-20.7691412710295,0.0195026026202513
"63",-17.6329856014387,24.722816784104,-21.363624187532,0.097189122905792
"64",-17.6329856014387,25.5037385737254,-18.2057741267483,-0.0009915
"65",-17.6329856014387,25.1145952067639,-19.0385400755045,-0.0009915
"66",-17.6329856014387,27.9410378459787,-19.6212038507985,-0.0009915
"67",-17.4290470168288,26.3826719024076,-17.8813054899189,-0.000827055556666667
"68",-17.2596522614387,24.8638537573656,-18.3568561075787,0.0645536407186587
"69",-17.0675908460486,25.4557837915157,-18.1496862251056,0.0562557203367091
"70",-17.6329856014387,24.5100892081223,-19.7925825176799,0.0792535748631676
"71",-17.6329856014387,25.5752424705653,-16.468049815482,0.0383599356283402
"72",-17.6329856014387,26.1273845801562,-19.3003101518799,0.00353477025592327
"73",-17.6329856014387,24.5155416421274,-17.7662336244591,0.0555008556842255
"74",-17.6329856014387,23.1111200292521,-18.0724561043674,0.0033707724287453
"75",-17.6329856014387,28.0829128259331,-16.6305071653367,-0.0009915
"76",-17.2596522614387,26.3843152953257,-19.3719709304191,-0.000929277776666667
"77",-17.6329856014387,24.0753385685875,-19.3877318842362,0.0731400565746214
"78",-17.6329856014387,25.6171040245639,-17.077034127138,0.060449835653192
"79",-17.6329856014387,25.5230448526071,-19.5973735614105,-0.000929277776666667
"80",-17.6329856014387,26.7752103669147,-19.8745487075124,0.0216460758293487
"81",-17.2596522614387,25.5170241265988,-17.4847460081445,0.103887316619635
"82",-17.2596522614387,27.0085159447771,-20.2866990854911,0.036662315584706
"83",-17.2596522614387,24.4728113573462,-18.9081755328183,0.108434770519069
"84",-17.6329856014387,26.1958231089499,-18.8604894554538,0.102947919269608
"85",-17.6329856014387,25.2698706371826,-18.5694583404841,-0.000929277776666667
"86",-17.6329856014387,25.0523542924801,-18.9172270862526,0.0487739108093356
"87",-17.2596522614387,24.7330629510881,-18.9322875650737,-0.000929277776666667
"88",-17.2596522614387,26.2455638950576,-17.4429118990834,0.136742680064063
"89",-17.6329856014387,26.6022766133988,-19.7492468797041,0.0746258960253607
"90",-17.6329856014387,28.1389222394874,-19.5996403676162,0.0216460758293487
"91",-17.6329856014387,26.4181161586618,-17.7607112836346,0.112171323797097
"92",-17.6329856014387,23.7704685689927,-19.7435926149313,0.0502171351456271
"93",-17.6329856014387,26.0597111225445,-16.5604314403448,-0.0009915
"94",-17.6329856014387,25.8443151553994,-18.264949095744,0.11623814681684
"95",-17.6329856014387,26.9310474634681,-21.4098214764502,0.0879966607522684
"96",-17.2596522614387,27.9508840822759,-17.8046427341092,0.0645536407186587
"97",-17.6329856014387,27.0994402006212,-19.1821410865442,0.0216460758293487
"98",-17.6329856014387,26.2733887182077,-21.6027273993152,0.00631018478455043
"99",-17.2596522614387,24.7842286810337,-17.0207978405647,0.114502257873413
"100",-17.6329856014387,26.1506290495255,-18.3175900533725,0.0608763955264923
"101",-17.2596522614387,26.96179190657,-18.6653421718115,0.117686410283202
"102",-17.6329856014387,25.1773731966264,-18.9549163112163,-0.0009915
"103",-17.2596522614387,26.2541149428698,-17.6469646042029,0.112464924156611
"104",-17.6329856014387,24.4409886545701,-18.1655869952312,0.0818353766121065
"105",-17.6329856014387,25.9771597591865,-17.4105425029975,0.0033707724287453
"106",-17.6329856014387,27.266013344478,-18.116919008016,0.0770807329022868
"107",-17.6329856014387,28.3768530528749,-17.3886100145976,0.00196069429071111
"108",-17.6329856014387,26.4881205069185,-19.2271306817419,0.0279672453705607
"109",-17.4190617134365,24.0795945307148,-19.2479418640041,0.0623202361995091
"110",-17.2596522614387,25.6463530900835,-17.7743251973374,0.0787306025274126
"111",-17.6329856014387,25.278782321983,-18.5935931068347,0.00956400600438125
"112",-17.2596522614387,25.0227081564508,-20.0745752031228,0.036662315584706
"113",-17.6329856014387,25.826568872079,-19.6117784820964,-0.0009915
"114",-17.6329856014387,25.803449716031,-19.360062132365,-0.000929277776666667
"115",-17.6329856014387,26.6027184497217,-20.3396448671185,0.00284351812121709
"116",-17.6329856014387,27.1813353693704,-21.3161542033593,0.0590722674570118
"117",-17.2596522614387,25.103210569613,-19.7845895582789,0.0596957096326906
"118",-17.6329856014387,27.3613742069682,-18.5232438329867,0.00596624984404445
"119",-17.6329856014387,24.9509349113488,-20.4229023407026,0.00284351812121709
"120",-17.4409241860486,27.0375182970374,-19.9696571316036,0.0657300365803092
"121",-17.6329856014387,25.9520358139806,-18.7151596430829,0.00225363391872985
"122",-17.6329856014387,26.2390667070964,-17.7867825516524,0.0362778240256512
"123",-17.6329856014387,26.0673912000928,-20.4401556010524,0.0378157201362633
"124",-17.6329856014387,26.2971389060585,-18.9717060637886,0.0279672453705607
"125",-17.6329856014387,25.478158428476,-21.3710770621154,0.0111318524875246
"126",-17.6329856014387,27.7898396482822,-18.9977094944693,-0.00049038889
"127",-17.6329856014387,25.4884598085372,-18.4166894125033,-0.0009915
"128",-17.6329856014387,26.6916405753454,-19.0520853986676,0.0216460758293487
"129",-17.6329856014387,26.7985339215233,-19.5704784910187,-0.0009915
"130",-17.6329856014387,25.9584159905517,-17.4169077360094,0.0736880236853015
"131",-17.6329856014387,23.8560725194939,-19.2436973529354,-0.0009915
"132",-17.6329856014387,24.10126423246,-20.8459636612712,0.00631018478455043
"133",-17.2596522614387,26.7111110160852,-16.9926458842278,0.143217922681835
"134",-17.6329856014387,25.1362182183782,-18.7287930158216,0.102757800643752
"135",-17.2596522614387,25.5640016315047,-17.3959670441288,-0.00049038889
"136",-17.6329856014387,27.2148119742623,-20.6585552372549,0.0838060683748181
"137",-17.6329856014387,28.1002214808138,-18.1718239276199,0.0279672453705607
"138",-17.6329856014387,28.1209961409173,-18.4982751136156,-0.000929277776666667
"139",-17.6329856014387,25.5823608081618,-18.2592757346275,0.0033707724287453
"140",-17.6329856014387,24.928239450522,-20.1536930619725,0.000375498219581766
"141",-17.6329856014387,26.8492365073263,-22.3494272837255,0.0286694663660023
"142",-17.6329856014387,25.8743479724316,-18.3029583955288,0.00596624984404445
"143",-17.6329856014387,25.9849858089784,-19.7145262211897,-0.000929277776666667
"144",-17.6329856014387,25.1418559506176,-18.5104624552277,0.142692290440763
"145",-17.6329856014387,27.4786537939025,-19.9553527206733,0.0759570708325654
"146",-17.6329856014387,28.7483041467709,-18.2405117237627,0.0573934266980393
"147",-17.2596522614387,25.328873684288,-20.3708650070334,0.0596957096326906
"148",-17.6329856014387,27.4184768137327,-19.2508583946955,0.0216460758293487
"149",-17.6329856014387,25.5985754247729,-21.0228493168518,0.00631018478455043
"150",-17.6329856014387,25.9481323028136,-21.5991513646762,0.0577875633101201
"151",-17.6329856014387,27.9021119658048,-21.1498267522663,0.0882210182354638
"152",-17.6329856014387,24.9743787111681,-20.2821644339164,0.0509949259455761
"153",-17.2596522614387,26.5764110441941,-17.7605097269082,0.110546935279357
"154",-17.6329856014387,25.2214878219686,-19.9383087995183,0.154754747738522
"155",-17.6329856014387,23.6418388060039,-19.8648118439186,0.0216460758293487
"156",-17.6329856014387,26.6201320170101,-16.7235209064199,0.185401968465947
"157",-17.2596522614387,27.105281096485,-17.8916725506112,0.0787306025274126
"158",-17.6329856014387,25.3839220597967,-20.2075328920589,-0.00049038889
"159",-17.6329856014387,25.9634353306289,-18.8376125260603,0.0600070067205175
"160",-17.2596522614387,27.0791530814416,-18.7499727377507,-0.00049038889
"161",-17.6329856014387,25.5317316806502,-19.2073536713855,0.023326502283192
"162",-17.6329856014387,29.4063354416791,-19.5020390216381,0.0279672453705607
"163",-17.4409241860486,27.4536959012454,-20.6732592070152,0.0607732607743726
"164",-17.6329856014387,26.3374862927127,-18.9520852156682,0.0400631629404235
"165",-17.6329856014387,23.819403713075,-19.460610984,0.00902821588171627
"166",-17.6329856014387,28.4915466508856,-17.8849949926608,0.0715880449396746
"167",-17.6329856014387,24.0891016863314,-21.2936713648629,0.00631018478455043
"168",-17.6329856014387,24.1299102046815,-20.1372599744438,0.000375498219581766
"169",-17.6329856014387,29.0624623542769,-19.0294538412603,0.023326502283192
"170",-17.6329856014387,25.3346391973894,-18.9557819618236,0.00565315923851856
"171",-17.2596522614387,25.5032271175124,-18.1903792076964,-0.00049038889
"172",-17.2596522614387,24.58305757547,-18.6484362886552,0.0787306025274126
"173",-17.6329856014387,24.0126623652756,-19.5801584632404,0.00857163138601541
"174",-17.2596522614387,25.5669244058562,-21.1236331526824,0.0195026026202513
"175",-17.6329856014387,26.7452017971716,-19.0807006266125,0.0295028232890826
"176",-17.6329856014387,25.1981457719048,-18.7570453554257,0.00620121271256571
"177",-17.6329856014387,25.9501835653501,-19.1608650068901,0.00970031471463914
"178",-17.2596522614387,24.10990931537,-18.1071931389933,0.0459685242409703
"179",-17.2596522614387,27.0466240473775,-20.5132210003692,0.036662315584706
"180",-17.6329856014387,26.1346772840327,-16.8575189610044,0.0228016313526821
"181",-17.6329856014387,25.2496354675148,-19.7008634103774,-0.0009915
"182",-17.2596522614387,26.2752098288651,-17.6977268743421,-0.00049038889
"183",-17.6329856014387,25.7245484563879,-19.5633335835152,0.00307662986339518
"184",-17.6329856014387,27.663265049206,-17.4170208655545,0.069700755622339
"185",-17.6329856014387,24.5538370205557,-18.0384345155826,0.00196069429071111
"186",-17.6329856014387,25.240229307914,-20.8074852825592,0.00284351812121709
"187",-17.4409241860486,24.4044978634192,-20.5624320427001,0.0706001228799127
"188",-17.6329856014387,25.2418921079226,-19.135071072772,-0.000929277776666667
"189",-16.8788965494674,26.604861906712,-18.746235966054,0.0814633274122684
"190",-17.6329856014387,26.5917059714034,-17.5673390327248,0.060449835653192
"191",-17.6329856014387,26.6665701732258,-18.7314397268116,-0.0009915
"192",-17.6329856014387,25.8178722790251,-18.5675109858502,0.118279876277968
"193",-17.6329856014387,25.5384158045292,-19.164971995418,-0.000929277776666667
"194",-17.6329856014387,29.1166117010275,-17.5313406133027,0.050507244162669
"195",-17.2596522614387,23.7868424192902,-18.1368537160633,0.049670380179109
"196",-17.2596522614387,27.2115270252898,-19.2749717586894,-0.000929277776666667
"197",-17.6329856014387,27.0958832489031,-20.0083191364119,-0.0009915
"198",-17.6329856014387,25.1847732122538,-16.7324885067375,0.0700274748178186
"199",-17.6329856014387,26.6207788074776,-17.8143935958334,0.0799720846992797
"200",-17.6329856014387,27.3930487355812,-16.1354859782585,-0.0009915
"201",-17.6329856014387,24.4332381394213,-19.8418200449057,0.151274022021856
"202",-17.6329856014387,25.2214878219686,-19.9383087995183,0.154754747738522
"203",-17.6329856014387,26.9484184360743,-17.5503389015113,0.0783460640997451
"204",-17.6329856014387,24.4217107914934,-17.8578869393726,0.098042057894463
"205",-17.6329856014387,24.1204179666943,-19.4954053748324,0.0920338499219327
"206",-17.6329856014387,27.2495957425218,-16.5977772470039,0.186016227907169
"207",-17.6329856014387,24.7712256330254,-20.0908457630021,-0.00049038889
"208",-17.6329856014387,27.620256687934,-16.7935503309306,0.0228016313526821
"209",-17.6329856014387,28.3643789865005,-18.4212445351926,0.0635595646862872
"210",-17.2596522614387,27.103544673039,-19.7738498250254,-0.00049038889
"211",-17.6329856014387,25.7631756224813,-16.0309544568979,-0.0009915
"212",-17.6329856014387,26.8875318075953,-15.7745853436432,0.0383599356283402
"213",-17.6329856014387,24.1479420331463,-20.090139781604,0.000375498219581766
"214",-17.6329856014387,26.0236542053153,-16.4188830605859,0.186393341939253
"215",-17.4248723109758,22.8221506087377,-20.034790647186,0.0640787221081058
"216",-17.6329856014387,26.2709875479376,-21.5699240545368,0.0587194993766995
"217",-17.6329856014387,26.383446469297,-18.1781251935916,0.0635595646862872
"218",-17.2596522614387,26.7799168937981,-18.1923211310103,0.0397798301761717
"219",-17.6329856014387,25.8958072163738,-18.9510147147364,-0.0009915
"220",-17.4062171266998,24.8254174800878,-19.4094560673858,0.0599212961997874
"221",-17.6329856014387,27.6711526608599,-18.4872256414897,0.000676530887846155
"222",-17.6329856014387,27.1349371687191,-21.4364624003342,0.0584003037014636
"223",-17.6329856014387,23.8240044178886,-20.4667312617066,0.14353140275102
"224",-17.6329856014387,25.2829149590191,-17.5376075743419,0.0431152382024684
"225",-17.4290470168288,27.8950072602777,-17.5449582906625,-0.000157858950677271
"226",-17.6329856014387,25.9079834186309,-18.2750066429342,-0.0009915
"227",-17.6329856014387,25.2108438024864,-20.1152560928299,0.00902821588171627
"228",-17.6329856014387,27.3755493411512,-18.4876581455928,0.000676530887846155
"229",-17.6329856014387,26.2296338462686,-16.7866688650576,0.0788615492117163
"230",-17.6329856014387,25.1145952067639,-19.0385400755045,-0.0009915
"231",-17.6329856014387,26.3710678423979,-19.8846853273557,-0.000827055556666667
"232",-16.8788965494674,25.9818221640779,-19.4798157056732,0.083080300800393
"233",-17.6329856014387,24.9345765926703,-21.0799683441205,0.0908137451221062
"234",-17.6329856014387,24.1412596162265,-17.6565596594356,0.0132901968053829
"235",-17.6329856014387,25.7659450666128,-18.9282418168891,-0.0009915
"236",-17.6329856014387,27.7073726037762,-20.4200529393757,0.071613123428533
"237",-17.6329856014387,25.6104673568854,-18.0018285257422,0.0168960006807778
"238",-17.6329856014387,28.5504619383674,-16.0829681059445,0.184077256109611
"239",-17.6329856014387,23.6798694858554,-20.6770658832845,-0.00049038889
"240",-17.6329856014387,24.3268465686901,-20.8285506016031,0.0940640720999345
"241",-17.2596522614387,24.7102720113658,-20.3388307209402,0.0596957096326906
"242",-17.6329856014387,25.220892243352,-16.6794201590429,-0.0009915
"243",-17.6329856014387,24.7311983691144,-20.2098803198264,-0.00049038889
"244",-17.6329856014387,25.3885828539614,-18.4490740808221,-0.0009915
"245",-17.2596522614387,26.4462691534376,-16.5630125350024,-0.00049038889
"246",-17.6329856014387,25.140732539776,-18.2052631064814,0.00857163138601541
"247",-17.6329856014387,25.7646268004375,-18.3290152032994,0.00596624984404445
"248",-17.6329856014387,28.1692223352031,-19.4098914950294,0.00919597106470488
"249",-17.6329856014387,25.6159858576363,-20.5410629749574,0.0111522073673751
"250",-17.6329856014387,25.4116835894746,-19.2804748777162,0.023326502283192
"251",-17.6329856014387,26.1950169900201,-20.6682560086411,0.0369835439406232
"252",-17.6329856014387,27.9580522090255,-21.1849664863524,0.0342522453837493
"253",-17.6329856014387,25.82813432536,-18.2077784993368,0.0573934266980393
"254",-17.6329856014387,28.1335548208138,-16.9869004154837,0.0222450177064958
"255",-17.6329856014387,24.3624525537266,-18.4913698007985,-0.0009915
"256",-17.2596522614387,26.3696939454623,-17.9801351333694,0.109322854275171
"257",-17.6329856014387,26.6381568874525,-16.5489938490707,0.181616519860092
"258",-17.2596522614387,27.6797264374373,-18.556802341566,-0.000929277776666667
"259",-17.6329856014387,28.3802309781766,-19.5876390540573,0.0509949259455761
"260",-17.6329856014387,26.8998873147811,-17.2448375376993,0.050507244162669
"261",-17.2596522614387,29.1705330171831,-16.8187647079715,-0.00049038889
"262",-17.6329856014387,23.9184053644382,-20.3775410874242,-0.00049038889
"263",-17.6329856014387,26.3103836456078,-18.9201330259007,0.044138911975143
"264",-17.6329856014387,27.4462385592173,-19.5670124507966,-0.000827055556666667
"265",-17.6329856014387,25.31095783947,-21.1220254923182,-0.00049038889
"266",-17.2596522614387,28.196910943265,-16.4593032568347,-0.00049038889
"267",-17.6329856014387,25.8382999746727,-18.3512692791377,0.0650504390944983
"268",-17.6329856014387,24.5432161613032,-17.9696462131616,0.0573934266980393
"269",-17.6329856014387,24.1292498270574,-18.9555235120808,0.00978463858904043
"270",-17.2596522614387,26.9091597098453,-17.3451668439017,0.0361768013630686
"271",-17.6329856014387,24.6272639435672,-20.5167781232491,0.0342252134291281
"272",-17.6329856014387,25.9976298492755,-20.8622723685202,0.0918007462288756
"273",-17.3979345227892,25.2256258496329,-19.7423137765346,0.0626989325110631
"274",-17.6329856014387,24.9215485701431,-20.3735263921496,0.147138980294675
"275",-17.6329856014387,26.1461254685375,-18.0888497879949,0.0581791348637153
"276",-17.6329856014387,25.4104548572647,-18.9604118134828,0.068581204474706
"277",-17.6329856014387,27.4110778531199,-17.5573880736716,0.119811488285864
"278",-17.1533235807858,27.3997854549272,-17.9611466040449,-0.000223722223333333
"279",-17.4290470168288,26.8593713713869,-17.343575371152,0.0541299940756017
"280",-17.6329856014387,25.7678329057453,-20.4946902983313,0.0951416040852868
"281",-17.6329856014387,26.7645295805436,-20.8346660541967,0.00284351812121709
"282",-17.6329856014387,24.8471349451003,-19.3223156429085,0.0487739108093356
"283",-17.2596522614387,25.1606896695682,-18.9753854238709,0.10924294172456
"284",-17.6329856014387,24.2009021117147,-19.4185388832719,-0.0009915
"285",-17.6329856014387,25.2017449753852,-22.8127606681832,0.0286694663660023
"286",-17.6329856014387,27.576137970023,-18.7143883651373,0.048418067182013
"287",-17.6329856014387,25.8977398668963,-21.4435664849224,-0.00049038889
"288",-17.2596522614387,25.3769551749094,-18.5028920585605,0.0381139673892167
"289",-17.6329856014387,26.0246993334114,-20.3756551132222,0.00284351812121709
"290",-17.6329856014387,27.8045917951998,-17.2255836135042,0.0573934266980393
"291",-17.6329856014387,26.5569034813228,-18.8676274287404,0.147316844116705
"292",-17.6329856014387,24.060146784755,-19.4492802304864,0.00935770780766629
"293",-17.6329856014387,26.5777522758987,-19.2237179909745,-0.0009915
"294",-17.2596522614387,26.9905052360114,-17.1573564265027,0.136021500428748
"295",-17.6329856014387,27.7735360821102,-21.3713337285121,0.0823565685656231
"296",-17.6329856014387,27.0538227313202,-18.5627973502003,0.0497669337830079
"297",-17.6329856014387,27.4974376539432,-20.5988139919916,0.0337112355746244
"298",-17.6329856014387,24.55621755902,-21.2069459885491,0.00631018478455043
"299",-17.6329856014387,26.5888986286194,-17.8983097163734,0.0431152382024684
"300",-17.2596522614387,26.2541149428698,-17.6469646042029,0.112464924156611
"301",-17.6329856014387,27.2358361986435,-19.3785822883375,-0.0009915
"302",-17.6329856014387,26.5866874759163,-19.5276051614342,0.0775274210071558
"303",-17.6329856014387,24.9409584838556,-18.1230774324665,0.0410625351571621
"304",-17.2596522614387,24.5284864427169,-20.6069226749711,0.0195026026202513
"305",-17.6329856014387,26.393110256158,-18.1236698152954,0.0132901968053829
"306",-17.0675908460486,25.5313921442457,-18.6576101597862,0.0578832082303638
"307",-17.4409241860486,27.8787684546814,-17.7601410873876,0.0699179260775505
"308",-17.4290470168288,23.3847324641616,-16.588167575268,0.0541299940756017
"309",-17.6329856014387,28.3751479401716,-19.0749064490859,0.023326502283192
"310",-17.6329856014387,24.6996253745796,-20.2233535484917,0.0593150580893024
"311",-17.6329856014387,25.4491618375772,-18.9202948967578,0.0107124428545633
"312",-17.2596522614387,25.5152736923223,-17.1354561730488,0.140011902603744
"313",-17.6329856014387,25.0534164594893,-17.8168263258955,0.120417608589807
"314",-17.2596522614387,26.6354758373538,-16.795368819132,0.137577285930472
"315",-17.6329856014387,25.4576180095067,-20.2282792130109,-0.000827055556666667
"316",-17.6329856014387,24.5780646759552,-18.9066724166196,0.0105138596399675
"317",-17.6329856014387,26.1253840054469,-20.4235025727476,-0.0009915
"318",-16.8788965494674,28.3570388798792,-19.1207107701789,0.0840999536278029
"319",-17.6329856014387,27.1616240118627,-19.1069015699787,-0.000929277776666667
"320",-16.8788965494674,28.0942702332044,-19.4737675730099,0.0897699588031831
"321",-17.6329856014387,25.2719660942198,-19.0074877785048,-0.000929277776666667
"322",-17.6329856014387,27.061298556088,-18.2917327889671,0.00596624984404445
"323",-17.6329856014387,28.9234638651213,-17.9459900630547,0.00596624984404445
"324",-17.4290470168288,27.4780680603219,-17.9457510495882,0.0094421345967704
"325",-17.6329856014387,25.2935430418223,-18.3373527216567,0.0033707724287453
"326",-17.6329856014387,26.00100925298,-20.73657563489,0.0337650215036938
"327",-17.6329856014387,24.9435945043675,-19.2733457977624,-0.000827055556666667
"328",-17.6329856014387,24.9949153834039,-19.2564351336027,0.00373440011326691
"329",-17.6329856014387,26.3863923954287,-18.1732275961424,0.0431152382024684
"330",-17.6329856014387,26.0586275890627,-20.0335221107628,0.0279672453705607
"331",-17.6329856014387,23.9406143974446,-19.3085758087688,0.00902821588171627
"332",-17.6329856014387,25.9449777990404,-20.3538612339786,-0.000827055556666667
"333",-17.6329856014387,25.4451488333087,-18.7092856863426,0.023326502283192
"334",-17.6329856014387,28.371169841904,-18.4168037619318,-0.0009915
"335",-17.6329856014387,25.9903041243562,-18.7728552270339,-0.000929277776666667
"336",-17.0675908460486,28.0116068322422,-18.5815163944426,0.063726296934379
"337",-17.6329856014387,23.3299837724912,-19.0113281172186,0.143507092663667
"338",-17.6329856014387,26.4717442089944,-19.3611115122271,0.0216460758293487
"339",-17.4409241860486,25.044034282635,-20.4061911218532,0.0560647502586484
"340",-17.6329856014387,26.843222495817,-21.1252693174418,0.0891415115763891
"341",-17.6329856014387,24.6268978947891,-20.2840633298457,0.145506987913276
"342",-17.6329856014387,25.7756941481618,-18.4859324015142,-0.0009915
"343",-17.6329856014387,25.2674372643456,-20.638472242074,0.0111320427883052
"344",-17.2596522614387,24.9324827500141,-18.3499984985769,0.0787306025274126
"345",-17.6329856014387,25.235803646161,-18.5197261225509,0.115016532360737
"346",-17.2596522614387,26.9919548456691,-17.7957573359156,0.0787306025274126
"347",-17.6329856014387,29.6121451220161,-21.483988973673,0.0585409416847199
"348",-17.6329856014387,27.3643401666173,-18.4926934192963,0.00596624984404445
"349",-17.2596522614387,26.7941456099189,-21.1117387045487,0.0195026026202513
"350",-17.6329856014387,27.8960055987337,-18.3206470675937,-0.000827055556666667
"351",-17.6329856014387,25.0754119862106,-17.9795963431068,0.118389599994152
"352",-17.6329856014387,26.2713538794825,-20.2650899376016,0.156318733098691
"353",-17.6329856014387,26.6538094223347,-17.6573726450852,0.0573934266980393
"354",-17.6329856014387,24.4123878026669,-17.7358689104316,-0.000827055556666667
"355",-17.6329856014387,25.0133828429048,-18.7590509648221,-0.0009915
"356",-17.2596522614387,27.0290740728486,-17.2801418818722,0.138873010798377
"357",-17.6329856014387,25.3775849725422,-17.0200722458087,0.0228016313526821
"358",-17.6329856014387,26.5429069581297,-18.3344540918228,0.0809040828269572
"359",-17.4409241860486,24.2659818275087,-17.9790681080048,0.0699179260775505
"360",-17.6329856014387,23.5661269102525,-18.4443591585188,0.00857163138601541
"361",-17.6329856014387,25.0129270077737,-17.6681983979203,0.0585128088301199
"362",-17.6329856014387,24.2819668689324,-17.8284333558983,0.00596624984404445
"363",-17.6329856014387,26.6047360324537,-15.9721313019286,0.178782893214161
"364",-17.6329856014387,23.0455041886406,-20.8902406851571,0.0734374783678967
"365",-17.2596522614387,29.1705330171831,-16.8187647079715,-0.00049038889
"366",-17.2596522614387,29.0047008165539,-16.774758792881,-0.00049038889
"367",-17.6329856014387,26.313013960099,-17.7195231230273,0.00196069429071111
"368",-17.2596522614387,24.3042587844073,-18.7063216595242,0.108472747998613
"369",-17.6329856014387,24.9383007148467,-18.1745825186632,0.0033707724287453
"370",-17.6329856014387,28.4869156920946,-17.3628754771278,0.0664946388034308
"371",-17.6329856014387,24.8534683400041,-20.6803567109657,0.0790897995613748
"372",-17.6329856014387,29.4014791745947,-17.4883524955726,0.050507244162669
"373",-17.2596522614387,24.7257681990555,-17.3251911968163,0.134421414499163
"374",-17.6329856014387,27.106895967914,-20.1560452832092,0.151212434227115
"375",-17.6329856014387,25.6435251324851,-18.7496169804603,0.0506561707507824
"376",-17.6329856014387,26.3833635384658,-19.9019390841572,0.00902821588171627
"377",-17.6329856014387,25.863159894206,-18.8884540253137,-0.0009915
"378",-17.6329856014387,24.4722945033641,-20.5941744386281,0.0509949259455761
"379",-17.6329856014387,28.489213627107,-18.1582502698921,0.000676530887846155
"380",-17.6329856014387,26.3563471533427,-19.0363717924118,0.00866118520244194
"381",-17.6329856014387,25.5437108478005,-18.5217197732023,-0.000594745988675077
"382",-17.6329856014387,26.7737603426471,-20.3316437165928,0.0784547797715782
"383",-17.6329856014387,28.0383590713046,-18.0985133683236,0.000621488297618361
"384",-17.6329856014387,24.2118043157927,-18.6490118186396,0.0033707724287453
"385",-17.6329856014387,23.5891330742771,-18.0450812586826,0.135177358204307
"386",-17.6329856014387,27.6134953559961,-17.9867556186114,-0.0009915
"387",-17.6329856014387,27.2403961273696,-17.8478899469282,0.0633371317760114
"388",-17.6329856014387,24.1184365016565,-20.1811126558457,0.15451030658681
"389",-17.6329856014387,24.545374320782,-17.6620836630781,0.0132901968053829
"390",-17.6329856014387,26.3333685466446,-18.9046803438863,0.0515627416923222
"391",-17.6329856014387,26.6725769086275,-20.9778585156431,0.011130976195522
"392",-17.6329856014387,28.4315209398189,-18.9576774003086,-0.0009915
"393",-17.2596522614387,25.4199253939625,-21.0697992849287,0.0195026026202513
"394",-17.6329856014387,25.6894811785468,-20.8352959838118,0.0111321539072107
"395",-17.2596522614387,26.5862936497745,-19.7636256283145,-0.00049038889
"396",-17.6329856014387,29.2574488433794,-18.9003459222305,0.0378964362127809
"397",-17.6329856014387,24.7462342499084,-17.9669644443983,0.0033707724287453
"398",-17.2596522614387,24.564884435871,-18.5211410808552,0.111986878590328
"399",-17.6329856014387,26.4446482044366,-22.539162307493,0.0286694663660023
"400",-17.6329856014387,28.9250766275672,-15.4967479856621,0.175965799260667
"401",-17.6329856014387,25.6519242506938,-17.7927937293087,0.050507244162669
"402",-17.6329856014387,25.2467074987347,-19.2263383707468,-0.0009915
"403",-17.6329856014387,26.0186477777338,-19.3812304519898,0.0499838536839021
"404",-17.6329856014387,25.0597097815417,-15.8903293175584,0.0383599356283402
"405",-17.6329856014387,25.9760408148039,-22.3852818936272,0.0286694663660023
"406",-17.6329856014387,25.1626931052095,-18.8804709068266,-0.0009915
"407",-17.6329856014387,27.2874921654085,-18.0602911102616,-0.000827055556666667
"408",-17.6329856014387,25.7368242717291,-17.6818043532987,0.0765530339526596
"409",-17.2596522614387,27.1897079535605,-19.2924739242792,-0.00049038889
"410",-17.6329856014387,26.2320371430226,-18.742338484503,-0.000827055556666667
"411",-17.2596522614387,26.3767139427995,-19.2164967957407,-0.00049038889
"412",-17.6329856014387,24.6852377438067,-19.3920320666013,-0.000929277776666667
"413",-17.6329856014387,26.3736073429809,-18.9097177981633,-0.000679277776666667
"414",-17.6329856014387,27.620256687934,-18.7950238083097,-0.000679277776666667
"415",-17.6329856014387,25.5712067911475,-18.373666426547,0.00857163138601541
"416",-17.6329856014387,26.1171498567969,-20.899715674646,0.0879966607522684
"417",-17.6329856014387,27.2307316301352,-19.5576019563149,0.0488239955561346
"418",-17.4409241860486,24.9893324546572,-20.5887762582572,0.0619181313219595
"419",-17.6329856014387,24.7154813676856,-21.3977970504294,0.0111498887979991
"420",-17.6329856014387,27.041803916581,-18.1390506266235,0.0632317878109587
"421",-17.6329856014387,25.0252080529318,-17.6932280967431,0.0724344231774167
"422",-17.6329856014387,25.9718170370105,-18.3469430617536,0.0355779409130235
"423",-17.6329856014387,28.8557148627943,-21.2823242409219,0.0585961886132077
"424",-17.6329856014387,26.6746052305029,-19.6250651658951,0.147246261365701
"425",-17.6329856014387,25.7576683831976,-19.420942134217,0.000375498219581766
"426",-17.6329856014387,26.2709875479376,-21.5699240545368,0.0587194993766995
"427",-17.2596522614387,25.8517877463688,-18.4552560315609,0.11103770953654
"428",-17.2596522614387,25.5032271175124,-18.1903792076964,-0.00049038889
"429",-17.6329856014387,26.7192556858819,-17.9248523002985,0.0800412295175405
"430",-17.6329856014387,28.5798031389004,-19.7285266541784,-0.000827055556666667
"431",-17.6329856014387,23.2804153285299,-18.829649536616,0.00596624984404445
"432",-17.6329856014387,25.8341455830266,-18.3752413086849,0.116211340646872
"433",-17.6329856014387,25.3958709480884,-19.9041043131922,-0.000827055556666667
"434",-17.6329856014387,23.664322556466,-18.6148097958532,0.0033707724287453
"435",-17.6329856014387,26.0028141562826,-18.7547272474106,-0.0009915
"436",-17.6329856014387,25.0252080529318,-17.6932280967431,0.0724344231774167
"437",-17.6329856014387,24.2200700851433,-21.1053322363142,0.0898888723965093
"438",-17.6329856014387,25.1777861242515,-16.936912868966,-0.0009915
"439",-17.6329856014387,25.9593404727953,-18.9394628546933,0.068581204474706
"440",-17.6329856014387,27.5341611488987,-19.5654911680551,-0.0009915
"441",-17.0675908460486,25.8359943977674,-18.7412864086147,0.0629498624359463
"442",-17.6329856014387,26.7584573852044,-19.7331515220873,0.135683707889063
"443",-17.2596522614387,28.6634775008607,-16.9679138964007,0.131918862588681
"444",-17.6329856014387,24.9658114983845,-19.1753577308979,-0.0009915
"445",-17.6329856014387,26.8998873147811,-17.4834191692947,0.0712245224050292
"446",-17.6329856014387,26.3043467715516,-18.1186635272635,0.0553790343300657
"447",-17.6329856014387,26.1336571544821,-19.2418836614145,-0.000929277776666667
"448",-17.6329856014387,23.2900272183774,-19.4603315335952,0.0771273303449208
"449",-17.6329856014387,26.0612944107958,-17.1329296752816,0.0788615492117163
"450",-17.2596522614387,24.4466210394945,-18.0796031148989,0.120884909414179
"451",-17.6329856014387,27.0660644920184,-18.3155140712631,0.000676530887846155
"452",-17.6329856014387,26.5236602264484,-21.33754638314,0.00631018478455043
"453",-17.6329856014387,25.5636158205226,-18.404628648626,-0.0009915
"454",-17.6329856014387,24.9661573769091,-18.8367851754314,0.00308158232834242
"455",-17.6329856014387,24.9800495029048,-19.3438950779032,-0.0009915
"456",-17.6329856014387,25.884899025224,-15.6365319959814,0.0383599356283402
"457",-17.6329856014387,27.3599671341691,-15.8229090349588,0.18164470385957
"458",-17.6329856014387,24.5272216402453,-20.4248944408824,-0.0009915
"459",-17.6329856014387,23.6266835709147,-21.1918750243439,-0.00049038889
"460",-17.6329856014387,26.2838865527771,-18.4301544004074,0.068581204474706
"461",-17.6329856014387,24.584131261655,-17.5494117690682,0.0132901968053829
"462",-17.6329856014387,27.0327838859513,-18.3397749452099,0.0575792441371328
"463",-17.6329856014387,25.5070288918169,-18.2528216267973,0.0755212134190355
"464",-17.6329856014387,27.3679979793614,-21.1732194692906,0.0111302648089529
"465",-17.6329856014387,26.658146688291,-19.0768290522719,0.00191125035124004
"466",-17.6329856014387,23.9664895228421,-19.5814525280783,-0.0009915
"467",-17.6329856014387,26.2949247101373,-16.5733283400034,0.184535399333747
"468",-17.6329856014387,24.7243176009846,-18.0421976297329,0.0156471250513949
"469",-17.6329856014387,25.7736185291136,-16.8894615399684,0.0788615492117163
"470",-17.6329856014387,28.7274497932014,-18.6305536424185,0.00905918132139366
"471",-17.6329856014387,26.7763702287402,-18.5832037541082,0.0549207165015681
"472",-17.6329856014387,25.4862653529244,-21.1244360713573,0.0111296773813854
"473",-16.8788965494674,26.9995604194538,-19.2102393317913,0.0814633274122684
"474",-17.6329856014387,25.2209393889297,-18.6287427462884,0.0635595646862872
"475",-17.6329856014387,24.6478654384077,-19.3677371858521,0.023326502283192
"476",-17.4409241860486,27.1020460037963,-17.8863736300032,0.0732276789117369
"477",-17.4276039155601,29.6833295263301,-19.2693740025822,0.0611239674500881
"478",-17.6329856014387,24.6932297168537,-18.8321869213693,0.142298516594097
"479",-17.6329856014387,26.0067278274052,-16.7451046645592,0.0228016313526821
"480",-17.6329856014387,25.6171040245639,-17.077034127138,0.060449835653192
"481",-17.2596522614387,27.9508840822759,-17.8046427341092,0.0645536407186587
"482",-17.6329856014387,22.9602037758782,-19.027103970659,0.11944140469332
"483",-17.6329856014387,27.7687023084946,-18.8849520321044,0.0513762246728617
"484",-17.6329856014387,23.9385153506017,-17.9644705802839,0.100342984717389
"485",-17.6329856014387,27.5796090000671,-17.4672627707808,0.0132901968053829
"486",-17.6329856014387,27.0761245660618,-20.2171007311474,-0.000827055556666667
"487",-17.6329856014387,27.3868415841525,-19.2510985195744,0.141954957119268
"488",-17.2596522614387,25.5324375114099,-17.9528142322765,0.0787306025274126
"489",-17.6329856014387,27.1148609538497,-17.4733676210442,0.110261815720857
"490",-17.6329856014387,26.5551490220837,-16.7567427344958,0.0788615492117163
"491",-17.4021498866513,25.2410433930619,-19.3453511311207,0.0664291864291937
"492",-17.6329856014387,24.4190470535465,-19.6084983696885,0.0694063519470646
"493",-17.6329856014387,26.4459646475489,-21.0249663914996,0.00284351812121709
"494",-17.6329856014387,26.6577855899909,-19.0768508947697,-0.0009915
"495",-17.6329856014387,25.82813432536,-18.2077784993368,0.0573934266980393
"496",-17.6329856014387,25.692523479599,-16.7585711966963,-0.0009915
"497",-17.6329856014387,26.5422610037759,-18.7798405443996,0.023326502283192
"498",-17.2596522614387,25.0323171704399,-18.8146263032521,-0.000929277776666667
"499",-17.6329856014387,26.4228477328858,-18.3963157504963,0.00596624984404445
"500",-17.6329856014387,26.6210122826305,-22.129705328908,0.0286694663660023
"501",-17.2596522614387,25.8121843204122,-18.3619496361855,0.115010039596637
"502",-17.6329856014387,27.1861182635284,-20.2598519725019,-0.00049038889
"503",-17.6329856014387,24.2929026367388,-18.6642118320869,-0.0009915
"504",-17.6329856014387,25.4116890221253,-18.1567585811427,0.03095948252082
"505",-17.6329856014387,28.2481979335158,-19.8480273346932,-0.000929277776666667
"506",-17.6329856014387,28.0281458345947,-18.5738124953793,0.0749481901912798
"507",-17.6329856014387,28.1995877723678,-19.4118617249066,0.0497584630416842
"508",-17.4276490667372,27.973062951088,-19.6921064535704,0.0619647774812814
"509",-17.2596522614387,25.9288019495622,-18.5754948899683,0.109671190847542
"510",-17.6329856014387,24.4120800447095,-20.1195266646171,0.000375498219581766
"511",-17.6329856014387,28.4336220101344,-18.0390882298111,0.0573934266980393
"512",-17.6329856014387,25.4078375566629,-19.337098840674,0.070353291423957
"513",-17.6329856014387,27.390823308271,-20.2283558287159,0.145238354461895
"514",-17.6329856014387,25.0133251363408,-18.3725779572705,0.0439865711049959
"515",-17.6329856014387,24.9211485785849,-18.4356948099669,0.0033707724287453
"516",-17.2596522614387,25.7761411409133,-20.2462957470286,0.0195026026202513
"517",-17.6329856014387,25.3543467405407,-19.6189082206713,-0.000929277776666667
"518",-17.2596522614387,25.1201656522059,-19.885770020374,0.036662315584706
"519",-17.6329856014387,26.3628070456463,-17.9918269566761,0.0600950110465585
"520",-17.6329856014387,24.9288171835592,-18.1673225200618,0.141716905530255
"521",-17.6329856014387,25.62482227492,-19.6766689133565,0.00902821588171627
"522",-17.6329856014387,25.6435251324851,-18.7496169804603,0.0506561707507824
"523",-17.6329856014387,28.2891491974362,-18.7354526060494,0.000676530887846155
"524",-17.6329856014387,27.8877391917035,-18.1169348029384,0.104689366515959
"525",-17.6329856014387,25.5728795422599,-17.1529160105967,0.100461174621157
"526",-17.6329856014387,29.9475484736792,-19.0953019957214,-0.00049038889
"527",-17.6329856014387,28.8069244058562,-21.4251675962657,0.0731987783994121
"528",-17.6329856014387,26.0825137084313,-19.4348653421671,0.0216460758293487
"529",-17.6329856014387,25.3518533186372,-18.7289863534578,0.032110258945698
"530",-17.6329856014387,25.7814890520142,-18.6521272801427,-0.0009915
"531",-17.6329856014387,24.673673633554,-18.8792090675608,-0.000929277776666667
"532",-17.4290470168288,27.6730727806435,-16.9971947177959,0.0541299940756017
"533",-17.6329856014387,30.1466734082677,-17.9514824919255,0.0573934266980393
"534",-17.6329856014387,28.1191466821339,-20.1413095468816,-0.0009915
"535",-17.6329856014387,24.1718114046352,-19.6594179491398,0.000375498219581766
"536",-17.6329856014387,26.0748565972954,-18.6586267540037,0.0279672453705607
"537",-17.6329856014387,23.7845714880604,-19.8481571017417,0.00902821588171627
"538",-17.6329856014387,28.371169841904,-18.4168037619318,-0.0009915
"539",-17.6329856014387,26.9535822202012,-17.0586495560341,0.0757061158649149
"540",-17.6329856014387,25.9462544323678,-21.3560394940347,0.0879966607522684
"541",-17.6329856014387,25.5462837069102,-19.0215457231879,-0.000679277776666667
"542",-17.1533235807858,26.5688558223879,-17.6343654659617,-0.000223722223333333
"543",-17.6329856014387,26.0470791361293,-19.4621379068608,-0.0009915
"544",-17.6329856014387,25.6977245333893,-18.3417149299375,0.149577139089131
"545",-17.6329856014387,26.760047304437,-17.766857797514,0.0776911958697173
"546",-17.6329856014387,28.5340906679928,-18.113934855784,-0.0009915
"547",-17.6329856014387,28.3696675078501,-17.382077314296,0.0788615492117163
"548",-17.2596522614387,25.5640016315047,-17.3959670441288,-0.00049038889
"549",-17.6329856014387,25.6724649663314,-21.0706757146129,0.0802637498718155
"550",-17.6329856014387,26.6920841400878,-16.1271349560525,0.172114913253186
"551",-16.8788965494674,25.4407392861231,-18.756303106538,0.0883907209308108
"552",-17.6329856014387,27.1776425416201,-18.0799637452266,0.0489797009408696
"553",-17.6329856014387,27.0386309728008,-16.1570610866142,0.180248936315353
"554",-17.6329856014387,26.6486979644182,-19.394509324996,-0.000929277776666667
"555",-17.6329856014387,27.047664553054,-17.4496614392245,0.100021092011923
"556",-17.6329856014387,24.0125708443656,-18.4219646989695,0.0033707724287453
"557",-17.6329856014387,26.3814777689509,-18.7425369479733,0.134623615561276
"558",-17.6329856014387,26.1856117786485,-16.3808611335783,0.0788615492117163
"559",-17.6329856014387,25.1707743563496,-19.1811063080213,-0.000929277776666667
"560",-17.6329856014387,25.2253083368688,-16.7393765882632,0.0228016313526821
"561",-17.6329856014387,25.5666191960386,-19.0165815105722,0.129045634230164
"562",-16.8788965494674,27.214270410396,-18.7845467853193,0.0821954345345173
"563",-17.6329856014387,28.1208174037508,-19.0525572134261,0.148782887217897
"564",-17.4409241860486,25.7713832527502,-20.0985351978335,0.0592827656303688
"565",-17.6329856014387,24.7330629510881,-21.2752008981537,0.0894771606774433
"566",-17.6329856014387,25.482544032423,-19.6604093909334,-0.000929277776666667
"567",-17.6329856014387,25.2003179135308,-20.3004504439788,0.0509949259455761
"568",-17.6329856014387,28.6343038647978,-18.9985739471882,0.148687651589789
"569",-17.6329856014387,28.2264322211392,-16.2674114390578,-0.0009915
"570",-17.6329856014387,25.7650034997782,-20.9392005511886,0.0337685305901999
"571",-17.6329856014387,26.6845497832929,-19.6205126786582,-0.000827055556666667
"572",-17.6329856014387,24.5133731970597,-20.2377891109047,0.0616814576676308
"573",-17.6329856014387,26.8397031312368,-18.3173737851678,-0.000827055556666667
"574",-17.6329856014387,23.917528479389,-19.8853502076355,0.00284351812121709
"575",-17.2596522614387,26.1363601057578,-20.689677863633,0.0195026026202513
"576",-17.6329856014387,25.9648382671019,-17.874827058069,0.0292275953617673
"577",-17.2596522614387,26.9274764348654,-17.677514506958,0.0787306025274126
"578",-17.6329856014387,26.1849813671569,-18.5432988349713,-0.000929277776666667
"579",-17.4290470168288,24.6357690004514,-17.2295220181232,0.0541299940756017
"580",-17.6329856014387,25.3440369486999,-19.1491016182332,-0.0009915
"581",-17.6329856014387,25.4175584953548,-21.6203968746221,0.0286694663660023
"582",-17.6329856014387,26.3062821941485,-20.5953515402951,0.0420921922453498
"583",-17.2596522614387,27.1416694508341,-18.4299773139094,0.0645536407186587
"584",-17.6329856014387,27.1029709827466,-18.2801767378772,0.154482178075156
"585",-17.6329856014387,25.9402219807967,-17.5038691688609,-0.000827055556666667
"586",-17.2596522614387,28.1339002779957,-17.6553096751116,0.110054236735096
"587",-17.6329856014387,26.8182376152936,-18.2799788647909,-0.0009915
"588",-17.6329856014387,26.3744023242105,-19.6644217179132,-0.000827055556666667
"589",-17.6329856014387,24.7536204964817,-21.0821313050596,0.00631018478455043
"590",-17.6329856014387,24.8357002098774,-18.663201878122,0.155485591414853
"591",-17.6329856014387,26.8492365073263,-22.3494272837255,0.0286694663660023
"592",-17.6329856014387,25.2646026117202,-20.3697978974993,0.0387204403320899
"593",-17.6329856014387,25.803589627095,-20.6513744436483,0.0846260314223539
"594",-17.6329856014387,26.4345492868506,-19.5040180754468,0.15109361168149
"595",-17.6329856014387,25.8848211045823,-18.7436125870669,0.00857163138601541
"596",-17.6329856014387,27.3064837592394,-18.8297017254845,0.0503723473289544
"597",-17.6329856014387,27.0678496868921,-17.9055279242454,0.0794351464331793
"598",-17.6329856014387,28.2629818736783,-19.3760912204756,0.0279672453705607
"599",-17.2596522614387,27.3473070076944,-19.8039947323052,-0.00049038889
"600",-17.0675908460486,25.5556450697858,-18.6538269399493,0.0530941411034083
"601",-17.6329856014387,26.8423214825388,-18.1276686436573,0.142824662499921
"602",-17.6329856014387,27.2926690603506,-18.5015019498726,0.0846981394019855
"603",-17.6329856014387,25.9208122699189,-18.5439042593887,0.0573934266980393
"604",-17.2596522614387,26.4998152087553,-19.280225152043,-0.000929277776666667
"605",-17.6329856014387,23.1744892095031,-18.5883183277153,-0.000827055556666667
"606",-17.6329856014387,25.1247949169901,-18.0725692339125,0.0033707724287453
"607",-17.6329856014387,28.0897187114857,-18.4132115130604,0.00596624984404445
"608",-17.6329856014387,26.1405824440852,-20.6024509077553,0.00284351812121709
"609",-17.6329856014387,25.5328424108578,-20.0107373878468,0.0744686085095511
"610",-17.6329856014387,29.2498496780648,-19.4903234118933,-0.00049038889
"611",-17.6329856014387,26.5575774657139,-19.5145942502378,0.00902821588171627
"612",-17.6329856014387,24.3267605166909,-16.7320075393826,0.0228016313526821
"613",-17.6329856014387,25.0118944073128,-18.3604736299932,0.00596624984404445
"614",-17.2596522614387,25.9316170192082,-20.8020921600782,0.0195026026202513
"615",-17.6329856014387,27.5233342409619,-18.1333389561336,0.0355644601601346
"616",-17.2596522614387,25.5932046667699,-20.0238865774817,0.036662315584706
"617",-17.6329856014387,26.49349880905,-19.4264340604395,-0.0009915
"618",-17.6329856014387,27.4329399592516,-18.0034611241913,-0.0009915
"619",-17.2596522614387,25.5371535000359,-18.5689657338742,-0.00049038889
"620",-17.6329856014387,25.2133433371877,-18.4159196679802,0.137548229900601
"621",-17.6329856014387,24.4011824882398,-21.172750852098,-0.00049038889
"622",-17.6329856014387,26.3703955643319,-16.2138486857819,0.180367208388508
"623",-17.6329856014387,26.7319788267896,-17.0373489109816,0.0132901968053829
"624",-17.6329856014387,24.7966154406292,-18.8673805300008,0.137148749448117
"625",-17.6329856014387,26.851732702508,-20.4642777769383,0.00284351812121709
"626",-17.2596522614387,27.2118391000522,-17.7603641266283,0.0645536407186587
"627",-17.6329856014387,25.3002165363352,-20.8945779720196,0.0111322863578946
"628",-17.6329856014387,27.2522491993406,-19.5894387870659,0.0500301684404392
"629",-17.6329856014387,25.0109819553257,-18.440642004788,0.0565665498851293
"630",-17.6329856014387,25.7654151473314,-20.9355033291957,0.00284351812121709
"631",-17.4409241860486,26.406902125799,-20.1771586942259,0.0620342311223403
"632",-17.1533235807858,29.0133662977135,-17.6731768803208,-0.000223722223333333
"633",-17.4409241860486,27.8179375223899,-18.2712810010506,0.0699179260775505
"634",-17.6329856014387,25.889357385197,-19.0833161180474,0.0216460758293487
"635",-17.4409241860486,24.0929453878732,-17.7141058521382,0.0699179260775505
"636",-17.6329856014387,27.1834213574408,-20.5471531162253,-0.00049038889
"637",-17.6329856014387,24.9189808406247,-19.3831715067154,0.00978902953099683
"638",-17.6329856014387,26.5900823085189,-18.0572075655165,0.000676530887846155
"639",-17.2596522614387,27.0382605282046,-17.9197302960316,0.0787306025274126
"640",-17.6329856014387,24.788470576581,-17.31790698464,0.0763315660567714
"641",-17.6329856014387,24.880041749988,-18.6631657514378,0.00857163138601541
"642",-17.6329856014387,25.1812089310163,-17.72483674468,0.0431152382024684
"643",-17.6329856014387,25.0112443188576,-19.2699414068349,-0.000929277776666667
"644",-17.6329856014387,26.0988157071029,-18.1502804331624,0.0573934266980393
"645",-17.6329856014387,25.6399235136975,-19.5025434412417,-0.0009915
"646",-17.2596522614387,27.3036151991923,-18.1110615415927,0.124328670976295
"647",-17.6329856014387,27.4316775093966,-18.5123450678844,-0.000679277776666667
"648",-17.2596522614387,26.0215036565025,-18.4314706847814,0.111420763077272
"649",-17.3953459672394,27.3400056574268,-19.5744451917488,0.0650614601813033
"650",-17.2596522614387,25.02927938699,-18.0793717862246,0.117695423054338
"651",-17.6329856014387,27.3043223720813,-17.8838728028506,0.0132901968053829
"652",-17.6329856014387,24.1609994367817,-18.7882285683766,0.0635595646862872
"653",-17.6329856014387,26.2821019674284,-17.2921519957947,0.0132901968053829
"654",-17.6329856014387,25.9105446229345,-17.8502282823344,0.0635595646862872
"655",-17.6329856014387,26.9690989432379,-21.2909232703049,0.00631018478455043
"656",-17.2596522614387,27.2696968792095,-17.9174657693108,0.0645536407186587
"657",-17.6329856014387,27.8035205201342,-16.9806014465777,0.050507244162669
"658",-17.2596522614387,28.5313535366575,-19.804004272178,-0.00049038889
"659",-17.3953459672394,27.3400056574268,-19.5744451917488,0.0650614601813033
"660",-17.6329856014387,24.4531564187774,-19.1769683715507,0.0881621681325953
"661",-17.6329856014387,26.6577855899909,-19.0768508947697,-0.0009915
"662",-17.6329856014387,25.1235849352605,-20.3015335814624,0.000375498219581766
"663",-17.6329856014387,24.317497010714,-21.2809289744497,0.0879966607522684
"664",-17.6329856014387,25.5464744813151,-21.3995972797393,0.0879966607522684
"665",-17.2596522614387,25.5152736923223,-17.1354561730488,0.140011902603744
"666",-17.6329856014387,25.4983357600772,-18.7966801016656,0.0279672453705607
"667",-17.6329856014387,26.2281979335158,-18.0128706677832,0.0431152382024684
"668",-17.6329856014387,24.6809330490844,-17.7500546407511,0.0132901968053829
"669",-17.6329856014387,27.2325614619276,-18.7470124145654,0.0668713316741257
"670",-17.6329856014387,25.6488298718552,-18.4387929913724,0.0279672453705607
"671",-17.2596522614387,24.4561072878149,-18.0816943412197,0.0426108947448681
"672",-17.6329856014387,23.8024610497519,-19.9642248958798,-0.000827055556666667
"673",-17.2596522614387,27.6797264374373,-18.556802341566,-0.000929277776666667
"674",-17.6329856014387,28.6493896525866,-18.5925338905199,0.151690887952187
"675",-17.6329856014387,26.0760497010075,-19.237893907189,-0.000929277776666667
"676",-17.2596522614387,28.546870945581,-19.9049064641513,0.036662315584706
"677",-17.6329856014387,26.9635205201342,-17.5637286985736,0.060449835653192
"678",-17.6329856014387,27.7887500380352,-17.506166721754,0.00196069429071111
"679",-17.6329856014387,27.695985625874,-22.1866789087473,0.0286694663660023
"680",-17.6329856014387,26.4739736676944,-19.6637963835867,-0.00049038889
"681",-17.6329856014387,27.3228105105668,-15.8856910408487,0.178400527948938
"682",-17.6329856014387,24.8850014390519,-20.0715142877649,-0.00049038889
"683",-17.6329856014387,26.0881834793605,-19.1099582006152,-0.000929277776666667
"684",-17.6329856014387,25.7301380692319,-18.0654240489234,0.0296382287635057
"685",-17.6329856014387,25.4989040689914,-17.3560936522964,0.097516534737524
"686",-17.6329856014387,24.5311873336713,-20.490476692649,0.0691581984804526
"687",-17.6329856014387,25.8546594501159,-17.9000890357221,0.00596624984404445
"688",-17.6329856014387,25.3193094099984,-18.4420535279096,-0.0009915
"689",-17.2596522614387,25.1020873640429,-17.9308457327392,0.118694343635994
"690",-17.6329856014387,24.382442434963,-16.1488649567825,0.00296549118167352
"691",-17.6329856014387,24.7560840731036,-18.0778400027637,0.0635595646862872
"692",-17.6329856014387,26.0919755933256,-17.5018459490284,0.0573510376920244
"693",-17.6329856014387,24.7936832849244,-20.6938002409936,0.0509949259455761
"694",-17.6329856014387,24.7913604071383,-18.3388130054306,0.00596624984404445
"695",-17.6329856014387,24.6371870773656,-19.4051076535885,0.00856478041952209
"696",-17.6329856014387,24.8333444067765,-17.76145335641,0.060449835653192
"697",-17.6329856014387,25.8442816143236,-16.1615072603341,0.0383599356283402
"698",-17.6329856014387,24.3835419279643,-18.5435596217153,0.0634735337998752
"699",-17.6329856014387,27.7473045912991,-18.8984694454524,0.023326502283192
"700",-17.6329856014387,28.3740383856477,-22.3048161038941,0.0286694663660023
"701",-17.4262093102717,27.2480545460026,-19.3166212300626,0.0630458753108042
"702",-17.2596522614387,24.4417334409582,-20.4866484462532,0.0596957096326906
"703",-17.6329856014387,25.3543467405407,-19.6189082206713,-0.000929277776666667
"704",-17.6329856014387,26.0022729195181,-19.0085225570277,0.0216460758293487
"705",-17.2596522614387,24.5797655863208,-20.5500062028827,0.0596957096326906
"706",-17.6329856014387,28.5622196656019,-17.8034454178266,0.0545520576180962
"707",-17.6329856014387,24.6979096618855,-18.1730643468383,0.0579658151537541
"708",-17.6329856014387,27.9462448911369,-18.9818245904288,-0.000929277776666667
"709",-17.2596522614387,26.117650413317,-17.4565788855057,0.133998954181062
"710",-17.6329856014387,25.6778343435368,-20.0463638021472,0.0509949259455761
"711",-17.6329856014387,27.578704902604,-17.3501358903777,0.0990613308594397
"712",-17.6329856014387,25.5544354260348,-19.4679956546295,-0.000929277776666667
"713",-17.2596522614387,27.9508840822759,-17.8046427341092,0.0645536407186587
"714",-17.6329856014387,28.8319135121445,-21.0259787785526,0.0386575399786871
"715",-17.6329856014387,26.3180201966575,-19.3003196917527,0.00171196665147727
"716",-17.6329856014387,24.886159959513,-18.8625613537845,0.134036295344523
"717",-17.6329856014387,25.1647090910373,-17.8381109055084,0.0277669608407706
"718",-17.6329856014387,24.6356940363232,-18.9227275729532,0.0096486351659472
"719",-17.6329856014387,26.6151941481128,-18.3012499886467,0.055834123915624
"720",-17.6329856014387,27.106895967914,-20.1560452832092,0.151212434227115
"721",-17.6329856014387,24.7050203811286,-19.4185166418984,-0.0009915
"722",-17.6329856014387,24.5512582899602,-21.4865164617466,0.00631018478455043
"723",-17.6329856014387,25.0969856628676,-18.4758091613893,-0.000827055556666667
"724",-17.6329856014387,27.6414949549572,-20.7077379717063,0.00284351812121709
"725",-17.6329856014387,25.8238952101762,-17.1184014138916,0.0568878540099096
"726",-17.6329856014387,25.3346635642368,-19.4701090536304,-0.000929277776666667
"727",-17.2596522614387,25.2001314653402,-18.8057958520665,-0.000929277776666667
"728",-17.6329856014387,27.1078496868921,-18.0595855214667,0.0380968017859706
"729",-17.6329856014387,25.3326854115747,-18.9678071187739,0.122218012785468
"730",-17.6329856014387,25.7598523807462,-18.1114801194926,0.00596624984404445
"731",-17.6329856014387,25.2052415707328,-19.7008642858258,-0.000827055556666667
"732",-17.6329856014387,30.0468954471309,-18.883078634663,0.0502896961863792
"733",-17.6329856014387,25.9702017056888,-18.1417473248469,0.0324655152128806
"734",-17.6329856014387,27.7067074179677,-18.9025602816785,0.149124882208621
"735",-17.6329856014387,25.6825145149876,-21.6877703840594,0.0879966607522684
"736",-17.6329856014387,26.8934781646585,-18.016175598283,0.000676530887846155
"737",-17.6329856014387,28.6293428667745,-20.5971307834372,0.0336753277979705
"738",-17.4409241860486,24.3497697388061,-20.6390579635947,0.0598650915402396
"739",-17.6329856014387,27.3949716160779,-18.5368286169059,-0.0009915
"740",-17.6329856014387,24.5984559434845,-18.217977507314,0.123295189503185
"741",-17.6329856014387,26.4139130674568,-16.2282528030373,0.0383599356283402
"742",-17.6329856014387,26.1261735449521,-18.6743719998989,0.139853264803693
"743",-17.6329856014387,24.1745932342431,-19.090962976222,0.0335502775688827
"744",-17.6329856014387,25.3937534516702,-20.5099575387837,0.0344984092051744
"745",-17.2596522614387,26.1090658872514,-20.4554447895791,0.0195026026202513
"746",-17.6329856014387,24.3529555552102,-17.5415648100136,0.050507244162669
"747",-17.2596522614387,25.1183662470209,-18.6470080875456,0.0391687574072808
"748",-17.6329856014387,26.23493004987,-18.5611086989706,0.00317957760383931
"749",-17.2596522614387,25.8453693289408,-19.279166684114,0.109895857187853
"750",-17.6329856014387,27.3315827952063,-18.1866737011104,0.116003215873361
"751",-17.6329856014387,27.4799197515456,-19.0680837325887,0.0279672453705607
"752",-17.6329856014387,27.0484743736622,-18.9557725961194,0.148645500745877
"753",-17.6329856014387,24.5944161985818,-18.8928552836985,-0.000929277776666667
"754",-17.6329856014387,24.7806668055013,-19.6456261613193,0.149214691071999
"755",-17.6329856014387,26.6001959451311,-18.1739715922235,0.124264292185984
"756",-17.6329856014387,26.7181043103884,-18.0956414066616,-0.000827055556666667
"757",-17.4290470168288,27.6270305695048,-17.0529022189257,0.0541299940756017
"758",-17.1533235807858,28.4729860149999,-18.2826875966491,-0.000223722223333333
"759",-17.6329856014387,24.7560840731036,-18.0778400027637,0.0635595646862872
"760",-17.6329856014387,27.3107880381592,-21.1842208373182,0.0821447760625674
"761",-17.6329856014387,26.0919556921197,-18.8589924383835,-0.000679277776666667
"762",-17.6329856014387,23.7319087647729,-19.7691426499751,0.073920396883558
"763",-17.6329856014387,25.5933146915262,-17.86064638366,0.0132901968053829
"764",-17.0675908460486,25.2131605497647,-18.2897682899092,0.0495496651655217
"765",-17.2596522614387,26.2294161164246,-16.8607204234285,0.139819299249339
"766",-17.6329856014387,25.8935718618595,-20.1076263262122,0.154941034893807
"767",-17.6329856014387,26.1765055403761,-20.7708704375042,-0.00049038889
"768",-17.6329856014387,25.6529684052084,-17.3676229930689,0.050507244162669
"769",-17.6329856014387,26.1171498567969,-17.6279737646471,0.0575044265612643
"770",-17.6329856014387,25.5343059032334,-17.2582268577752,0.0132901968053829
"771",-17.6329856014387,26.6294261101495,-19.7399362090277,-0.0009915
"772",-17.6329856014387,26.6091098043505,-22.4157729693755,0.0286694663660023
"773",-17.6329856014387,24.787714915265,-18.0892733775791,-0.000827055556666667
"774",-17.6329856014387,26.9690989432379,-21.2909232703049,0.00631018478455043
"775",-17.6329856014387,24.5664014129028,-18.9540770077766,0.12573428524822
"776",-17.6329856014387,25.0059226552668,-18.6911408379216,0.0799699043277166
"777",-17.6329856014387,26.1377066886133,-19.5200568258595,0.0216460758293487
"778",-17.4290470168288,26.2321556502998,-17.1097038841219,0.0541299940756017
"779",-17.6329856014387,26.3977056677536,-21.0246095579932,0.0441478961375405
"780",-17.6329856014387,27.8044695573485,-19.1697097572889,0.00166705013758086
"781",-17.6329856014387,29.6348289023705,-17.3651457346742,0.050507244162669
"782",-17.6329856014387,26.5733243945229,-18.1040109714458,0.0199649062416388
"783",-17.4409241860486,28.4054331858508,-17.6859363493449,0.0727516267990837
"784",-17.6329856014387,25.6202386596898,-17.8223503295381,0.115646349854098
"785",-17.4409241860486,25.2254659590053,-20.7531625962173,0.0667492205425674
"786",-17.6329856014387,28.4967591181151,-18.2226033786024,-0.0009915
"787",-17.6329856014387,25.1735082441525,-18.4324547053681,0.055667427270188
"788",-17.2596522614387,25.5878691754643,-18.5611739805194,0.0787306025274126
"789",-17.6329856014387,25.2092634373462,-19.0786458747898,-0.00049038889
"790",-17.6329856014387,25.2995449905577,-18.2532311071624,0.0573934266980393
"791",-17.6329856014387,27.4111744536379,-19.4824002638159,0.068581204474706
"792",-17.6329856014387,27.9055112891335,-16.3704641035889,0.179731963290567
"793",-17.6329856014387,26.0282960012105,-17.6512539396083,0.0695221490366979
"794",-17.6329856014387,26.4453964386382,-17.8306524181844,0.0932622066558267
"795",-17.6329856014387,24.7869899345943,-18.4667627071552,0.0635595646862872
"796",-17.6329856014387,23.9645253461462,-17.6597904008571,0.0431152382024684
"797",-17.2596522614387,25.6508417514021,-18.2116895018793,0.0645536407186587
"798",-17.6329856014387,28.4947297842177,-19.2192043947149,0.0514288718467728
"799",-17.6329856014387,28.1140052125568,-17.6433161612632,0.060449835653192
"800",-17.6329856014387,25.48960708927,-17.6421713917409,-0.0009915
"801",-17.2596522614387,26.0470029902433,-17.1046439202867,-0.00049038889
"802",-17.2596522614387,26.6354758373538,-16.795368819132,0.137577285930472
"803",-17.4290470168288,26.442117575416,-17.2407323695688,0.00390690686096418
"804",-17.2596522614387,25.7859572428302,-20.5357974497673,0.0195026026202513
"805",-17.6329856014387,25.5208356803123,-17.8360821581368,0.0570523203373315
"806",-17.6329856014387,25.523370151945,-19.0483727428411,0.0487739108093356
"807",-17.6329856014387,27.2440498220038,-18.4581996794578,-0.000679277776666667
"808",-17.6329856014387,30.1284532358777,-16.4158304557601,0.0788615492117163
"809",-17.6329856014387,25.8982041148551,-18.8782917174894,-0.0009915
"810",-17.6329856014387,27.921099293993,-18.4751954775787,0.0394958760747842
"811",-17.6329856014387,24.7995363460975,-19.5528974126609,-0.000827055556666667
"812",-17.6329856014387,26.0889442516911,-22.2065052375316,0.0286694663660023
"813",-17.0675908460486,25.6135394342898,-18.410311982076,0.0542521811369915
"814",-17.1533235807858,27.7406969147729,-17.4166614461644,-0.000223722223333333
"815",-17.6329856014387,27.289715369871,-18.7628260962285,-0.000929277776666667
"816",-17.6329856014387,27.0044880238764,-19.9155363036339,-0.000827055556666667
"817",-17.6329856014387,28.5594152802477,-20.0386433596284,-0.000827055556666667
"818",-17.6329856014387,24.8543900302175,-20.2023005061342,-0.00049038889
"819",-17.6329856014387,26.3815070859318,-19.1741537074023,0.0673780691565508
"820",-17.1533235807858,27.4876677196226,-17.6965351022882,-0.000223722223333333
"821",-17.6329856014387,25.8537012047733,-20.4445089509747,0.0811427917006834
"822",-17.6329856014387,26.2880020453677,-21.1845513056496,0.0954118384978996
"823",-17.6329856014387,23.8832426961939,-21.0540904425413,-0.00049038889
"824",-17.2596522614387,24.9750231599149,-17.8142654641218,0.0285313368915929
"825",-17.6329856014387,26.6220040575994,-18.1972158410027,0.0124216964351414
"826",-17.6329856014387,25.2484795750672,-18.5465779741911,0.0673827920389306
"827",-17.6329856014387,25.4451488333087,-18.7092856863426,0.023326502283192
"828",-17.6329856014387,25.8795980586685,-18.6729996802531,0.144160136296164
"829",-17.6329856014387,25.744184730411,-16.8329131428644,0.0228016313526821
"830",-17.2596522614387,24.0799820238107,-20.5462609070066,0.036662315584706
"831",-17.2596522614387,26.9610055249989,-19.1896562413738,0.0787306025274126
"832",-17.6329856014387,23.7367381006423,-20.7213604518445,0.00284351812121709
"833",-17.1533235807858,27.0676112772043,-18.0369216614853,-0.000223722223333333
"834",-17.0675908460486,24.7528994122405,-18.4224870953818,0.0599348448963891
"835",-17.6329856014387,27.1921549989204,-17.4267972652605,0.060449835653192
"836",-17.6329856014387,26.4608618840311,-19.2374714478227,-0.000827055556666667
"837",-17.2596522614387,27.2429128259331,-19.6755077367152,-0.00049038889
"838",-17.6329856014387,26.6028618270903,-20.1614460881504,0.0509949259455761
"839",-17.6329856014387,25.1847208466123,-18.8222937229109,0.109730889288396
"840",-17.6329856014387,26.8723428623512,-22.6142728270781,0.0286694663660023
"841",-17.6329856014387,24.9624746542088,-20.678520042663,0.0111322230680261
"842",-17.6329856014387,28.3658084676677,-20.9149866789246,0.0593565082369011
"843",-17.6329856014387,24.2210263314696,-19.4709683471231,-0.000827055556666667
"844",-17.6329856014387,27.0368416529209,-16.358903093127,-0.0009915
"845",-17.2596522614387,26.452882235411,-17.4883308530414,0.144900353829359
"846",-17.2596522614387,24.7239943934128,-20.848292308683,0.0195026026202513
"847",-17.6329856014387,27.566362674891,-21.5545273351398,0.0914886754886989
"848",-17.2596522614387,27.6797264374373,-18.556802341566,-0.000929277776666667
"849",-17.6329856014387,27.9612844905119,-18.5319648964045,0.00857163138601541
"850",-17.6329856014387,25.1208019021098,-17.9716684465456,-0.000827055556666667
"851",-17.6329856014387,24.9387455763617,-19.0020542729984,0.131058188677613
"852",-17.6329856014387,25.010617190571,-21.1640734114466,0.00631018478455043
"853",-17.2596522614387,25.7269971329332,-19.6483269650778,-0.00049038889
"854",-17.4409241860486,27.0058977370641,-18.1499811079957,0.0699179260775505
"855",-17.6329856014387,26.7384797517345,-18.3804870110125,0.00857163138601541
"856",-17.2596522614387,29.3313855490255,-20.0789126120742,-0.00049038889
"857",-17.6329856014387,25.2549347541605,-20.0871022027068,0.00902821588171627
"858",-17.6329856014387,27.640082109675,-18.7188512465672,0.129403545970752
"859",-17.6329856014387,28.1287754184494,-18.9776625903765,0.150497315266753
"860",-17.6329856014387,24.3817432417001,-19.1217183907093,0.00903960751969519
"861",-17.6329856014387,24.5230128709531,-18.5211304339857,0.00596624984404445
"862",-17.6329856014387,30.2047188890255,-19.5752280316489,-0.0009915
"863",-17.2596522614387,25.4794324727256,-20.6446285486889,0.0195026026202513
"864",-17.6329856014387,25.3104708312118,-20.3240571658833,-0.0009915
"865",-17.4290470168288,27.6913535366575,-17.9923837022962,0.00327821471062307
"866",-17.6329856014387,24.6080218442597,-20.0826172284534,0.079218703490805
"867",-17.6329856014387,25.447992075197,-17.003215329428,0.050507244162669
"868",-17.6329856014387,28.3551721887023,-18.3038070478958,0.060449835653192
"869",-17.6329856014387,27.1507538915498,-19.0714533746416,0.0279672453705607
"870",-17.6329856014387,25.482544032423,-19.6604093909334,-0.000929277776666667
"871",-17.1533235807858,26.8225571971683,-17.9776248096002,-0.000223722223333333
"872",-17.6329856014387,24.0143210200947,-19.0139235124442,0.0977620296077345
"873",-17.6329856014387,26.5203378594871,-19.1620874947,0.0102529576735228
"874",-17.6329856014387,24.3358599790939,-19.5120594895033,0.068581204474706
"875",-17.6329856014387,26.6459469646196,-19.4994023234771,-0.000827055556666667
"876",-17.6329856014387,27.3002446414997,-18.1811538962941,-0.0009915
"877",-17.1533235807858,26.8225571971683,-17.9776248096002,-0.000223722223333333
"878",-17.4290470168288,26.276193914039,-17.2355701507866,0.0541299940756017
"879",-16.8788965494674,26.7276882406479,-18.8943564541999,0.0814633274122684
"880",-17.6329856014387,27.8517984513772,-18.9740691740868,0.023326502283192
"881",-17.6329856014387,27.2746992342518,-18.4302281191332,0.0071645461026659
"882",-17.6329856014387,26.8182376152936,-18.2799788647909,-0.0009915
"883",-17.2596522614387,26.4846961268791,-18.585532242624,-0.000929277776666667
"884",-17.6329856014387,26.3181495369428,-19.9660551122585,0.00902821588171627
"885",-17.6329856014387,24.6375486853036,-18.264915021314,0.138482405513981
"886",-17.6329856014387,25.1586023362534,-19.6510727246754,-0.0009915
"887",-17.6329856014387,25.4244859808599,-18.280457863523,0.0573934266980393
"888",-17.6329856014387,25.9402219807967,-17.5038691688609,-0.000827055556666667
"889",-17.6329856014387,27.2281132627179,-19.3401958999491,-0.000929277776666667
"890",-17.6329856014387,26.2949247101373,-16.5733283400034,0.184535399333747
"891",-17.6329856014387,27.8241813268188,-17.7307173470049,0.0749054304936971
"892",-17.6329856014387,25.4109449445553,-18.6750050721022,0.125489931012382
"893",-17.6329856014387,26.2346538129776,-18.5329381076381,-0.0009915
"894",-17.6329856014387,24.1962092704404,-19.8853057121591,0.0712587887897684
"895",-17.4276490667372,27.973062951088,-19.6921064535704,0.0619647774812814
"896",-17.6329856014387,25.7631756224813,-15.8682411245146,0.00296549118167352
"897",-17.2596522614387,28.1651131891304,-17.9608014072865,0.0645536407186587
"898",-17.2596522614387,25.1845144706531,-18.9490669246332,0.111675554316807
"899",-17.6329856014387,26.9888262435872,-17.329815328508,0.0431152382024684
"900",-17.6329856014387,24.5867191418773,-18.4752394934147,-0.000827055556666667
"901",-17.6329856014387,25.1961505737449,-21.9563940189938,0.0111256524885886
"902",-17.6329856014387,24.1688117788467,-21.3986496767168,0.0879966607522684
"903",-17.6329856014387,24.3494743685944,-19.3918332823529,0.00902821588171627
"904",-17.4409241860486,25.2254659590053,-20.7531625962173,0.0667492205425674
"905",-17.2596522614387,26.3841805118964,-19.1588663923629,-0.000929277776666667
"906",-17.6329856014387,25.4998036002655,-18.6599364374859,0.139745997151406
"907",-17.4409241860486,27.4111744536379,-18.152073849844,0.071030226439333
"908",-17.6329856014387,25.1139813474838,-16.0064636632648,0.0383599356283402
"909",-17.6329856014387,24.8502466275969,-18.4581328610077,0.0400487091000169
"910",-17.6329856014387,24.4507150632602,-19.7282118098958,0.00270056784739919
"911",-17.2596522614387,26.7698601823915,-20.6624718445753,0.036662315584706
"912",-17.2596522614387,23.7536425854977,-20.0426891590155,0.0596957096326906
"913",-17.6329856014387,24.6018826233642,-18.6315329101382,0.0635595646862872
"914",-17.6329856014387,26.1363887197063,-19.3413027412569,-0.000827055556666667
"915",-17.6329856014387,26.8492365073263,-22.3494272837255,0.0286694663660023
"916",-17.6329856014387,24.9180951887072,-17.8338722444216,0.0751127945649415
"917",-17.2596522614387,25.927338958774,-18.009048256842,0.113647727520152
"918",-17.6329856014387,24.298894026579,-19.3912242867382,0.000375498219581766
"919",-17.2596522614387,28.9452721073469,-17.0648058220786,-0.00049038889
"920",-17.6329856014387,25.6620863394575,-18.7176616475632,0.0512320876590548
"921",-17.6329856014387,24.8836146580896,-19.0162627633168,0.068581204474706
"922",-17.6329856014387,27.1148609538497,-17.4733676210442,0.110261815720857
"923",-17.6329856014387,25.1139813474838,-16.0064636632648,0.0383599356283402
"924",-17.6329856014387,27.2325614619276,-18.7470124145654,0.0668713316741257
"925",-17.6329856014387,29.9797556927316,-21.3084335463941,0.0587210353398369
"926",-17.6329856014387,26.8807309064859,-18.8086156726381,0.0082760835577244
"927",-17.6329856014387,27.0216196499762,-19.4479028219105,-0.000827055556666667
"928",-17.1533235807858,28.2824837826732,-17.8521019496526,-0.000223722223333333
"929",-17.6329856014387,25.2845071000536,-18.1623281731087,0.097780148234735
"930",-17.6329856014387,26.073122915633,-18.0817676163247,0.143299123545219
"931",-17.6329856014387,26.1445504629349,-20.9925505119692,0.0879966607522684
"932",-17.4290470168288,25.7957365339281,-18.2575551785986,-0.000827055556666667
"933",-17.6329856014387,24.6794837309689,-19.3442157496629,0.0216460758293487
"934",-17.6329856014387,26.2193162108672,-19.6117187865711,0.0507092871307586
"935",-17.6329856014387,23.8293830210075,-19.4128227840367,-0.000827055556666667
"936",-17.6329856014387,24.5595646730139,-16.701078330252,0.00296549118167352
"937",-17.6329856014387,26.27148893492,-17.8994218912088,0.060449835653192
"938",-17.6329856014387,25.6934297421068,-20.8589925179132,0.08551510135581
"939",-17.6329856014387,26.5696484398451,-18.2462485599639,-0.000827055556666667
"940",-17.4276162262895,24.6332316028861,-19.0685437886501,0.0642600634978238
"941",-17.6329856014387,26.025747220836,-19.5735290475067,0.0638354503153514
"942",-17.6329856014387,25.8391540493123,-21.1794016611019,0.072818608378604
"943",-17.6329856014387,28.4692058848287,-18.5265693225091,0.076751541094239
"944",-17.6329856014387,25.7650034997782,-20.9392005511886,0.0337685305901999
"945",-17.6329856014387,26.0605871714518,-18.8783487088212,0.0279672453705607
"946",-17.2596522614387,27.0466240473775,-20.5132210003692,0.036662315584706
"947",-17.6329856014387,27.8544806885989,-21.0777140011965,0.00284351812121709
"948",-17.6329856014387,25.1838125300497,-20.083908697039,0.0585089852980772
"949",-17.6329856014387,25.7814009388001,-21.2358796595055,0.0879966607522684
"950",-17.6329856014387,29.0601474024214,-18.2970577164346,0.151815741485655
"951",-17.6329856014387,27.0066897976384,-18.7282458690207,0.0279672453705607
"952",-17.6329856014387,26.4066334657571,-16.9029195860296,0.0228016313526821
"953",-17.6329856014387,26.7152294826786,-18.7465781419383,-0.000679277776666667
"954",-17.6329856014387,25.2689616146647,-19.1848342726373,0.00231987074682555
"955",-17.1533235807858,27.8528918886792,-17.3020289513581,-0.000223722223333333
"956",-17.6329856014387,28.4779409097758,-18.9070396685456,-0.00056744659866114
"957",-17.2596522614387,25.1845144706531,-18.9490669246332,0.111675554316807
"958",-17.2596522614387,24.6179121577336,-17.6988888854957,0.109319814621045
"959",-17.6329856014387,25.803589627095,-19.234591110435,-0.000929277776666667
"960",-17.6329856014387,27.5796090000671,-17.4672627707808,0.0132901968053829
"961",-17.6329856014387,25.152977294546,-18.1890481614228,0.0984877845610974
"962",-17.6329856014387,26.3071038737404,-17.3187195576665,0.0788615492117163
"963",-17.6329856014387,27.6117890449876,-19.0285584212872,0.0279672453705607
"964",-17.6329856014387,26.1165920919579,-18.2399181063512,-0.0009915
"965",-17.6329856014387,25.1235849352605,-20.3015335814624,0.000375498219581766
"966",-17.6329856014387,24.7530145624119,-17.8312128038131,0.0578010353231703
"967",-17.6329856014387,24.2973458365939,-18.5683736068559,0.00596624984404445
"968",-17.6329856014387,24.8985000652367,-19.8381856158692,-0.0009915
"969",-17.6329856014387,30.4641898426053,-21.269622132035,0.0595431756875926
"970",-17.0675908460486,25.6362131769278,-18.1347646357852,0.0558635215434907
"971",-17.6329856014387,25.5736222617147,-21.2118063918129,0.0111313150805727
"972",-17.6329856014387,25.940607651633,-18.49881657262,0.144124711783931
"973",-17.2596522614387,26.4526136246196,-16.9382104555901,0.110793111851766
"974",-17.2596522614387,25.1232133913182,-19.3448570509794,-0.000929277776666667
"975",-17.6329856014387,26.296530357447,-19.8735139289895,-0.000929277776666667
"976",-17.6329856014387,25.0122068237692,-17.5893634733812,0.0554889975121132
"977",-17.6329856014387,26.6451603516487,-19.0285425020142,0.0731396592199648
"978",-17.6329856014387,27.8544806885989,-21.0777140011965,0.00284351812121709
"979",-17.6329856014387,27.9215209564716,-18.8757847692827,-0.0009915
"980",-17.6329856014387,29.8648799908856,-17.1783261044141,0.050507244162669
"981",-17.6329856014387,23.9436543515768,-20.2277861607414,0.150259004860154
"982",-17.6329856014387,26.7670857691126,-18.3636354388716,0.0652761035735692
"983",-17.2596522614387,25.4510473275838,-18.0416165981448,0.118405498489225
"984",-17.6329856014387,25.4043651921635,-18.34881312256,0.113915802709837
"985",-17.6329856014387,24.8193722920057,-18.6705440204887,0.0635595646862872
"986",-17.4409241860486,25.5872085417007,-20.2414958938179,0.0643604909045538
"987",-17.6329856014387,27.3229790881692,-19.104982942395,-0.0009915
"988",-17.2596522614387,27.0407504075556,-20.852817519858,0.0195026026202513
"989",-17.2596522614387,27.1531098773974,-19.8658080740181,-0.00049038889
"990",-17.4409241860486,25.2393825009564,-20.350707695095,0.0686892642407744
"991",-17.6329856014387,26.3538832150362,-18.574252242154,-0.000929277776666667
"992",-17.6329856014387,25.1145952067639,-19.0385400755045,-0.0009915
"993",-17.6329856014387,24.3320187767918,-18.8975405411118,0.0978471569637525
"994",-17.6329856014387,25.3302767458736,-17.806905598103,0.0743292321695616
"995",-17.6329856014387,27.2491513491577,-16.6037027724186,0.173287623847569
"996",-17.6329856014387,25.2636256832107,-18.5285403576678,-0.0009915
"997",-17.6329856014387,28.234445484002,-16.1046981066745,0.00296549118167352
"998",-17.6329856014387,27.6490783958741,-18.3653648421346,-0.000679277776666667
"999",-17.6329856014387,27.8613312205006,-18.4294264767533,0.00515045492343805
"1000",-17.6329856014387,24.0126623652756,-19.5801584632404,0.00857163138601541
